3.2353
3.3243
3.2727
2.7027
2.5909
3.25
3.1714
3.0857
4.3529
3.4865
2.9429
3.0882
3.1176
3.0312
3.2424
2.0909
3.4118
3.3235
2.7576
2.7941
2.7941
3.6944
3.3056
2.1176
2.8088
2.7941
3.0294
3.5882
2.7297
2.6176
2.6957
2.6364
2.5882
3.1212
2.9412
3.8529
2.5294
2.7162
3.0857
3.0882
3.3824
3.5294
3.1176
2.6571
3.1622
1.9167
2.7353
3.0278
3.3243
3.0833
3.0147
3.0606
3.0909
2.5946
3.1765
3.4324
1.9412
2.9459
3.5676
3.9091
2.8824
2.1471
2.8788
3.2727
2.7647
2.3971
3.1176
3.1515
2.5405
3.2571
3.0882
3.9722
2.1892
2.5
3.5946
2.6389
3.3243
2.6176
3.2162
3.4242
3.4444
2.3857
3.1944
3.0286
3.6765
3.2703
3.5833
2.2703
3.0588
2.8529
3.5294
2.6111
3.4412
3
3.0588
3.194
1.9118
2.7576
3.0676
3.1515
2.4444
2.6351
2.5588
3.3889
3.3636
2.5429
2.7647
3.3714
3.0882
3.3182
3.0882
3.6
2.5833
3.2286
2.8529
2.5294
3.1757
3.9189
2.8378
2.4118
3.3824
2.5143
3.5405
2.9189
3.3333
3.1176
3.5405
2.6765
3.4412
3.5455
3.0294
2.9091
2.7941
3.6176
3
3.027
3.0571
2.7639
3.4324
3.3824
2.7857
3.3514
2.1622
2.6216
2.9706
2.8235
2.7647
2.7297
2.8788
2.5882
3
3
3.1818
2.4118
3
3.4324
3.4706
3.3784
3.2703
3
3.1667
2.8529
3.5588
2.5135
2.6286
2.3243
2.5882
2.8824
3.2286
3
2.7714
3.0986
3.0857
2.5946
2.7941
2.5455
2.9459
3.5588
3.8857
3.5455
2.6986
3.0278
3.2286
3.027
2.8378
2.4595
2.7059
2.9706
3
3.9459
3.2121
3.1389
3.8485
3.3824
3.2353
2.9459
3.3611
3.2162
3.0758
3.0811
3.2727
3.1892
3.0294
2.5676
2.7059
3.9189
3.3429
2.8
2.6216
2.8824
3
3.3514
3.5
3.6471
3.5758
2.4265
3.0312
3.5484
3.4355
3.2727
3.4412
3.3158
3.1379
2.6111
3.3235
3.1
3.5806
3.303
2.5484
3.3514
2.7632
3.4545
3.2121
2.7895
2.75
2.129
2.7188
2.7353
3.5152
3.0139
1.7838
3.0667
3.2571
2.3514
3.4062
3.2812
2.9697
3.3636
2.5256
2.871
2.8182
2.3784
3.4412
2.8857
3.1316
2.1316
2.4118
3.3684
2.4722
2.9091
3.0909
3
2.875
2.7586
3.5938
3.3333
2.6571
2.9474
3.4324
2.9032
3.2188
3.0303
2.625
3.2258
2.9394
2.8125
3.2857
2.3235
3.4154
2.2703
2.6944
2.4722
2.871
3.0286
3.5
2.9474
3.3871
3.3548
2.8143
2.4545
3.6176
3.3158
3
3.0286
2.9487
3.125
2.3243
2.7647
2.8571
3.7241
2.5556
3.3226
2.8438
2.7647
2.9459
2.7297
2.75
2.6061
2.6286
3.0938
3.7419
3
3.3548
3
2.8824
2.3714
2.7742
2.4595
3.0606
3.2222
2.5
3.0294
3.2581
2.5882
3.7647
3.2941
3.4643
3.1892
3.2188
3.125
2.9032
2.9722
3.0294
2.5135
3.1429
3.4722
3.4595
3.4286
2.1622
3.0588
2.3871
3.0789
2.8421
2.75
2.8919
3.1379
3.5806
2.8788
3.2333
3.3143
2.675
3.0312
3.0303
3.3438
3.1053
2.4615
3.3438
3.303
2.8088
2.4384
3.0526
2.5588
2.9697
2.8243
3.4375
3.3548
2.5806
3.1818
3
3.2857
2.5385
3.3939
2.5588
2.5263
3.2333
3.7647
3.5
3.3125
3.2903
3.0256
3.2703
3.1515
3.4118
2.6216
2.7368
2.9688
2.7105
2.5714
2.7656
3.0323
3.1765
3.0357
3.2
2.7429
2.9655
3.1176
3.3226
2.9744
2.7353
1.5294
2.4839
3.0667
3.0588
3.1765
3.3158
2.9091
3.2
2.8214
3.1081
2.9032
1.95
3.0571
2.75
3.6579
2.7353
3.2778
3.0968
3.5397
3.3788
2.7714
3.2286
3
3.0571
3.3871
3.0385
3.0286
2.9118
3.5455
3.2727
3.4118
3.1176
3.0606
2.7949
3.4167
3.0278
2.2812
3.7368
3.5526
2.5294
2.2308
3.2581
3.1212
2.8485
2.6452
2.3714
3.2
2.5312
3.6579
3.3077
3.3333
3.1515
3.5429
3.1944
2.9032
2.7568
3.5676
3.1111
2.7941
2.9211
3.0811
3.3548
2.9333
2.2593
2.3429
3.3438
2.75
3.2222
3.1176
2.6774
3.15
3.3226
2.8485
3.0769
3.0968
3.1714
3.1579
2.8387
2.6452
2.9
2.5429
3
3.1111
3.2333
2.7273
3.2121
3.2258
2.9412
2.303
2.6286
3
3.0968
3.2353
2.6579
2.7143
2.6286
2.4242
3.3243
3.0323
2.7742
2.8684
3.1842
2.2941
3.3871
3.1622
3.3226
3.4211
2.9167
2.7973
3.4375
3.3235
3.0513
2.9118
2.8108
2.4242
2.7121
2.75
3.0286
3.1111
3.0811
3.4412
3.5152
3.3871
2.2581
3.0811
2.9846
3.2742
2.8421
3.2206
3.2432
2.8438
3.0968
3.0588
3.4375
3.2
2.4194
3.9032
3.3235
2.875
3.0588
3.2031
3.2059
3.1571
3.1918
3
3.1081
3.0857
2.7812
2.9211
3.7463
3.1212
2
2.8182
3.2432
2.697
2.8182
2.85
2.8235
3.4516
3.5882
2.6552
2.7778
2.9714
2.7188
3.2286
3.2727
2.7368
2.6875
3.1316
2.4
2.7368
2.0323
3.129
3.2778
3
2.5
3.0606
3.2424
2.3939
3.2
3.2
2.5128
3.5263
3.4138
2.7812
2.9062
2.7059
3.1562
3
3.4839
3.2
2.9189
1.9744
3.6667
3.027
2.3824
2.9744
2.5185
2.7105
2.7179
3.25
2.3684
2.8
2.8571
3.5
2.9697
3.3947
2.7059
2.8378
3.1562
3.375
3.1176
2.7879
2.9211
2.3684
2.5676
2.8788
3.5429
2.9688
1.9697
3.3548
3.2667
3.2941
3.1111
3.5312
3.5
2.95
3.0645
3.2571
2.3871
2.4865
2.473
2.8235
3.3243
2.8684
2.5
2.8824
2.7297
3.0735
3.0294
3.1842
2.4032
2.5641
2.9571
3.1538
2.9688
3.2353
2.7436
3.3103
2.8571
3.1379
3.3889
2.75
3.4242
3.2703
3.6765
3.4167
2.7273
2.6389
3.1923
2.9091
3.4118
3.0625
2.6053
2.7333
3.1176
3.5882
3.1562
3.1333
3.6774
3.0968
2.4118
2.7714
2.9459
2.8182
3.5882
3.0571
2.6111
3.2647
2.9444
2.6
3.027
3.3636
2.8684
3.1212
3.6364
3.1176
3.0625
3
2.7714
2.7576
2.4923
2.4062
2.2121
2.8649
2.4857
2.9211
3.0588
2.3243
2.7879
3.3871
3.8438
2.9
2.6471
3.4118
2.9412
3.4545
2.871
3.4722
2.9412
3.0938
2.8571
3.1625
2.7143
3.1471
3.3939
3.625
3.3158
3.4722
3.0694
3.4516
2.9714
2.6774
2.6579
2.9429
3.1111
3.4474
2.6471
3.5946
2.9722
3.3421
3.8333
3.0938
3.303
3.4324
2.4595
3.3125
2.6
3.0303
3.5312
3.1897
3.8333
3.3636
3.4688
3.1176
3.3438
2.9412
3.4091
2.8378
3.0811
2.6562
2.641
2.6765
2.3514
2.8889
3.0658
3.0938
2.875
3.4474
3.3529
3.4595
3.0875
3.6765
3.0857
3.3438
3.2105
2.8889
2.6176
2.9189
3.5294
3.1389
3.3714
2.0323
3.7377
2.9516
2.7097
3.0645
2.9143
2.6812
3.6333
2.7297
3.5
2.1316
2.3553
2.8684
2.7576
2.7
2.75
3.5806
3.0769
3.8485
3.2424
2.6389
3.3824
2.8824
3.1129
3.4286
2.3158
2.5
3.3077
3.1765
3.2424
3.2059
3.3143
2.8684
2.9143
3.0303
3.2857
2.8378
2.9167
3.2308
3.1622
3.3636
2.4737
3.0571
3.1892
3.0294
3.2821
2.6944
2.7027
3.4062
3.3286
2.4722
2.7297
3.303
3
3.1935
2.6176
3.303
2.9412
3.0333
3.2742
2.9444
3.4242
2.7714
3.4412
2.3636
2.7419
3.1795
3.0312
3.1935
3.2742
3.2286
3.2368
2.2941
3.1667
2.7206
3
3
3.0789
3.5789
3.1528
3
2.7179
2.8333
2.6757
2.8
3.2286
3.1875
2.2258
3.6757
3.2581
3.2667
3.25
3.1053
2.6
3.3939
3.1176
2.6364
3.7353
2.3438
2.725
3.1212
3.0588
2.7179
3.7742
3
3.1515
2.7429
2.9189
2.6316
3.9714
2.8378
3.1935
3.7407
3.6897
2.8462
3.3333
2.9091
3.5161
3.303
3.5161
2.5882
2.871
2.9118
3.3611
3.0938
2.7895
2.359
3
3.4545
3.2581
1.9722
2.973
2.9062
3.3824
3.5526
2.8333
3
3.303
2.8125
2.4054
2.2703
2.6111
2.9459
3
2.7059
3.25
3.3636
2.7368
2.8421
3.1333
3.3235
3.8889
3
3.3939
3.6364
3.2308
2.7027
2.8621
2.9459
2.9231
3.0303
2.4211
2.5641
2.3529
3.2222
3.5588
3.3438
2.8462
3.2258
3.1212
3.3529
2.7941
2.2424
3.6
3.3548
2.7419
3.2059
3.0811
3.3939
3.0278
3.0811
3.5152
2.8788
2.9677
2.9333
3.3824
3.1176
2.9714
3.2812
3.0294
3.2368
2.6562
2.6364
3.6774
3.2
3.4324
3.1622
3.0588
3.4474
3.2632
3.0968
3.25
2.9412
2.8667
3.3429
2.875
2.2368
3.6129
3.2308
3.4737
3.1029
3.0513
2.9559
3.2162
3.2368
2.3676
3.2059
3.0588
3.1935
3.2812
3.2188
2.9444
3.0833
2.8667
2.3333
3.5312
3.0588
3.1724
3.2286
3.1818
2.303
2.4412
3
2.7188
3.2667
2.4412
2.4595
2.8667
3.3125
2.4872
2.2812
2.9737
2.5
2.9355
3.2647
3.2667
2.3939
2.5
3.2105
3.1471
3.6452
3.6471
3.2432
3.4375
3.3125
2.6324
3.2
2.7059
2.9688
2.6897
3.3143
2.5556
2.5556
3.4516
3.2667
3
3.2703
2.5278
2.9355
2.5882
3.2368
2.3889
3.6765
2.1212
2.8704
3.1429
2.9459
2.7143
3.0882
3.2059
3.3429
3.0938
3.0625
3.4444
3.2
3.4459
2.3667
2.6143
2.5897
3.3871
2.9189
3.5161
2.7273
3.2812
2.4615
2.5769
2.7632
3.6757
3.3611
3
2.7353
2.8919
3.4688
3.3333
1.7879
2.9259
3.4412
2.5312
2.8472
2.8788
2.6571
2.6286
3.2258
2.3582
3.0263
2.5429
3.1286
2.9487
3.3235
3.4865
3.2812
2.2903
2.9091
3.1912
3
3.25
2.9487
2.4848
2.8276
3.1143
3.2424
3.4545
3.1053
3.0882
3.5161
2.3548
2.3784
2.2879
2.7778
3.6562
3.0606
3.2
3.2424
3.3636
3.4412
2.4194
3.4545
2.75
3.2121
2.1857
2.25
3.1622
3.2333
3.0789
3.0263
3.6176
2.973
3.0909
2.75
2.9394
2.4615
2.6389
3.2059
3.2121
2.2571
2.9667
3.1026
3.0556
3.3636
2.5143
3.2941
2.6562
2.9189
3.4242
3.3548
2.9714
3.6207
2.9706
2.9677
2.7419
3.2121
3.375
3.5455
3.2258
2.8889
2.2162
2.7179
3.0441
3.9737
3.3056
2.8387
2.6111
3.1471
2.9474
3.5484
2.6562
3.1818
2.8529
3.4062
3
3
3.1053
3.3529
2.8158
2.7647
3.2941
3.0938
2.9688
3.371
2.7353
3.2727
2.3824
2.45
3.2241
3.4643
3.2857
2.8649
2.6774
2.7143
2.1667
2.9677
2.5294
2.8438
3.7568
2.4375
3.1562
3.1765
3.1143
2.6471
3.6579
2.7647
2.6857
3.4848
3.6774
3.1892
2.9091
3.6286
3.3548
2.5
3.1515
3.2188
3
3
3.5312
2.6579
3
3.0588
3.0606
3.1143
2.8378
2.9062
3.0278
3.0857
3.3947
3
3.1667
2.8387
3.2059
3.0968
3.2188
2.7143
2.9714
3.0286
3.1884
2.8
3.1892
3.3529
3.3182
3.1818
2.975
2.5455
3.3
3.125
3.1667
3.1216
3
3.1471
3.0833
3.0556
3.2353
3.1351
3.931
3.0526
3.4839
3.0968
3.0286
3.2903
2.7429
3.3548
3.0588
2.6
3.2667
2.2564
3.0312
1.9697
3.1471
2.9333
2.8438
3.5455
2.7222
3.5128
3.4
2.2069
3.2581
3.2258
2.4839
3.5588
3.0345
3.0556
3.0152
2.6053
2.7647
2.6757
3.125
2.7143
2.5938
3.3243
2.7647
3.3529
3.4595
3.0556
3.3243
2.3971
2.6667
2.7027
2.7353
3.3333
2.9167
3.1176
3.5
2.9737
2.4375
3.3784
2.359
3.9737
2.9706
2.8824
3.697
1.7838
3.4545
2.9429
3.25
2.8286
3.0789
2.6857
2.6667
3.1
2.3243
3.303
2.6842
3.3714
3.4194
3.2727
3.4706
3.3243
2.5455
3.2258
3.1714
2.8485
2.8947
2.9211
3.303
2.7027
3.1053
2.4211
2.6176
2.0541
3.0588
3.1389
2.7879
2.9118
2.5
3
2.975
3.2258
2.8857
3.3784
2.4688
2.6176
3.1351
3.4118
3.2237
3.2857
2.2821
2.9375
3.4062
2.8788
2.6757
3
3.3889
3.1875
2.8857
3.5714
3.0667
2.6765
3.2692
3
3.1111
2.2895
2.5806
3.9333
3.3226
2.7027
2.9853
2.325
3.3939
3.1765
2.1935
3.2353
3.625
3.303
3.0541
3.7188
3.3871
2.5205
3.3333
3.2571
1.8158
3.0263
2.3857
2.6765
3.541
3.6061
3
2.6719
2.3636
3.0938
2.2286
3.3529
3.4706
3.2
2.8
2.2632
3.4242
2.9412
3.2647
3.619
3.2903
2.9189
3.5263
3.0303
3.0588
2.9375
3.5
3.3889
2.8125
3.3438
3.3971
3.6486
3.5758
3.0556
2.5294
3.1515
3.7692
3
1.8438
2.8158
3.0323
3.2821
3.129
2.75
3.1429
2.8788
2.8857
3.4167
2.303
3.0256
3.1212
3.1795
2.4412
2.8667
3.1642
3.3143
2.5455
3.3429
2.4333
2.9
2.575
3.2703
2.7297
3.4333
2.8125
2.9394
2.25
2.9412
3.2188
3.5312
3.0571
3.0588
3.0833
3.4933
3.1471
2.6667
2.8846
3.3478
3.4865
2.7812
2.2895
3.0606
2.8
3.3636
3.7429
3.25
2.7273
3.25
3.0938
2.25
3.0263
2.8333
3.2059
3.3333
2.1892
3.0606
3.2
3.0968
3.5
2.9429
2.8485
2.7027
3
3.5758
2.625
3.4242
3.5484
3
2.8919
1.8235
3
3.8974
3.0606
3.5833
2.9706
2.9189
3.125
2.9706
2.9737
2.8684
3.0513
2.7778
2.4595
2.2857
2.6508
3.0625
3.5429
3.4545
3.1892
3.5278
3
3.4857
3.0606
2.5455
3.0323
3.5294
3.0556
2.9706
3.3824
3
3.1429
3.0923
2.5294
3.3226
2.1481
3.3529
3.3939
3.0667
3.0882
2.6875
3.7273
2.8919
3.5333
2.8387
2.5758
2.7222
3.1389
3.1316
3.0968
2.5
3.5625
2.973
2.6
3.6216
2.7273
2.0857
2.3871
2.7027
3.0606
2.5294
2.6154
3.1176
2.5312
3.2857
3.5588
3.1765
3
2.8387
3.3438
2.7941
2.5185
3.1111
3.2778
2.9429
3.0667
3.3333
2.875
3
2.3784
3.7632
3.303
3.4
2.8919
2.1935
2.8857
2.9552
2.8421
3
3.2368
3.2727
3.2286
3.2941
2.65
3.1842
2.3333
2.8182
3.1212
3.25
2.9474
2.7188
2.7097
2.9091
3.125
2.625
3.2059
2.9342
2.9167
3.1875
2.8529
2.6452
3.5
3.5294
3.0606
3.7647
3.0536
3.2647
3.1429
3.5429
3.6562
2.9429
2.6857
3.0625
2.9697
3.3333
3.5806
2.8
2.5294
3.1795
2.2647
3.25
3.0526
3.4545
2.8529
2.3784
2.675
3.0588
3.5278
2.2727
3.0968
2.6667
3.6935
2.7237
2.9143
3.1379
2.8718
2.7419
2.5323
2.6981
2.75
2.7059
3.4324
3.3824
3.5526
2.8919
3.3125
3.3429
2.8857
2.9474
2.7059
3.1795
3.6364
3.1515
3.4103
3.1094
3.1212
2.9062
3
2.4267
3
3
3.2973
3.1429
2.5
3.4444
3.4242
2.7941
3.5
2.8947
3.0882
2.5714
2.4688
2.4737
3.2812
2.7941
2.5862
2.9167
2.6757
3.2051
3.2353
2.9677
2.2308
3.6061
3.4595
2.6944
3.7188
3.4643
3.4839
3.027
2.9667
2.6364
3.1471
3.1757
2.9091
2.5588
3.4839
3.0263
2.75
3.1613
2.7576
2.75
2.9459
3.2222
2.9688
3.5312
2.6562
3.2121
2.3824
3.3485
3.0909
3.0588
3.2121
3.5405
2.7273
2.6774
3.3429
3.1613
3.3636
3.1429
3
3.1351
2.9091
2.803
3.1143
3.2647
3.2973
2.9394
2.5588
3
2.7714
2.8125
3.8286
2.9444
3.7059
2.973
2.25
3.0909
3.0588
2.6579
3.3333
2.7895
2.9189
2.5455
2.9355
2.5441
2.8947
3.3824
3.2121
2.5312
2.7714
3.5517
2.9355
3.4211
2.8974
2.4848
3.0909
2.8667
3.0541
3
2.9
2.6111
3.0857
2.6471
2.5135
2.8438
3.0882
2.7714
2.9118
2.0256
2.7632
2.9737
2.9697
3.0909
3.3667
3.2344
3.3636
3.2647
2.4865
2.7241
2.7812
2.9231
3.6061
3.1429
2.4211
2.8788
2.9688
3.3214
2.8649
3.3
3.1176
2.9444
2.1351
2.4054
2.9091
2.5758
3.1818
3.6571
3.0923
3.125
3
2.8158
3
3.3529
3.75
2.6857
3.1613
3.3548
3.0857
2.9688
3.303
2.7097
3.2121
3.4615
3.4516
2.125
1.8529
3.4444
2.4815
2.3939
1.6757
3.1212
2.5676
2.8571
2.9444
2.9412
3.1176
3.1515
3.4848
3.3
3.2083
2.9412
2.9167
3.1
2.9365
2.6562
3.0286
3.0263
2.9167
3.0263
2.9865
3.1714
2.871
3.3125
3
2.1389
2.6
3
3.2188
2.9375
3.1842
2.4688
3.375
2.7237
3.3529
3.0811
3.7692
2.875
3.5161
3.2647
2.2414
3.2571
3.4118
2.8056
2.9474
3.2973
2.8387
3.3243
3.4444
2.4615
2.5
3.75
2.9211
2.6333
3.1176
3.1786
3.129
3.5
2.9412
2.5
2.9815
3.2424
2.9444
2.9688
2.8919
2.3429
2.8947
3.2353
3.2812
3.6571
2.4483
3.3429
3.2414
3.2286
3.0345
2.5455
3.1795
2.7778
3.1795
3.4062
2.0938
3.0857
2.2812
3.2973
2.8485
3.4143
3.1562
2.6842
3.303
2.9722
3.1053
3.2763
2.5946
2.4737
3.129
2.8857
3.0857
3.6286
3.697
2.303
3.0312
3.3438
2.125
2.8649
3.0278
2.725
3.1351
3.0312
2.8621
3.1034
2.625
3.2703
2.6571
2.5806
3.6667
3.1053
3.1818
2.9706
2.6774
3
3.0882
3.1562
3.3214
3.3871
3.2812
2.8919
2.7344
3.5294
3.6176
2.5484
2.7647
3.3514
3.0303
2.8387
3.3939
2.6667
2.9355
3.25
3.0811
2.9714
2.8286
2.9355
3.3824
3.5
3.2121
3.4615
2.3235
3.2353
3.1818
3.1061
2.9474
3.1714
3.4706
3.0606
3.3636
2.4571
2.9062
3.2105
2.7097
2.7097
3.0526
2.9688
3.4412
3.2632
3.4324
3
2.4828
3.0571
2.9118
2.8788
3.3636
3.2571
2.9355
2.8286
2.7105
3.303
3.0323
3.2581
3.25
3.2286
3
2.8387
3.0789
3.5278
3.3684
2.7297
2.75
3.2105
3.0526
2.7222
3
2.7571
3.5667
2.9688
2.9032
3.1714
3.375
2.7647
2.6667
2.8125
3.3684
3.1944
3.4103
2.8889
3.2286
3.3103
2.7778
2.2059
3.4848
2.8235
3.5161
3.1389
1.9701
2.6364
2.5658
3.1515
2.5
3.1081
2.6286
3.2436
3.3947
3.1667
3.6944
3.2727
2.4595
2.6667
2.8378
3.1471
3.0625
2.4242
2.9459
2.9865
3.1324
3.1714
2.7027
3.1875
3.1176
3.4643
2.8
2.1351
3.4706
3.2267
3.1842
2.7568
2.5263
3.1143
3.5128
2.9394
2.8571
2.303
3.3
2.9143
2.6923
3
3.0541
3.5294
2.6061
2.9722
3.0588
3.1364
2.7258
3.0909
2.8906
3.4737
3.3134
2.9091
2.7917
3.1389
3.2286
2.6216
2.963
3.0303
2.8
2.4706
3.2059
3.5152
2.2857
3.5588
3.0645
2.7647
2.7143
3.0278
3.2424
2.8571
2.5484
2.6364
2.3939
3.1818
2.9167
2.5161
2.8438
3.2727
3.2059
2.7143
2.5385
3.0833
3.2903
3.0606
2.9355
2.9688
3.0909
3.3143
2.5455
2.9697
2.6667
2.9333
2.7273
3.5455
2.425
3.375
3.0789
3.2162
2.8
3.1571
3.7179
2.2571
3.0303
3
3.2581
3
2.8788
2.5833
3.3824
3.5167
3
3.0667
2.7353
3.0769
2.375
3.2286
3.1212
3.4444
3.4194
2.3235
2.9118
3.7097
3.3243
2.1231
2.875
2.6719
3
2.9091
3.375
3.5862
2.2424
3.3421
2.1944
3.375
3.625
2.4
2.7838
2.3714
3.1316
3.1053
3.2
2.9487
3.4286
3.3548
2.5676
3.375
2.8857
2.9394
3.4737
2.2188
2.6176
3.1818
2.8788
2.9429
3.2424
3.0345
2.5429
3.2
3.0938
2.6471
2.7368
3.2632
2.5152
1.9459
3.0294
3.2424
3.4028
3.5625
2.9394
3.2162
2.9211
2.9697
3.2647
2.6757
3.0882
2.8333
3.1
2.275
3.027
2.6389
3.9062
3.0526
2.3333
2.8286
2.4865
2.8507
2.9677
2.6364
2.7879
3.2121
2.5135
2.8571
3.3333
3.0909
3.0541
3.0645
2.7941
3.2576
3.2812
2.9143
2.2812
3.6176
2.7297
2.9444
3.0811
2.7647
3.1515
2.2361
2.5312
2.2424
3.303
3.3235
2.8919
3.4839
3.1515
2.25
3.0303
3.1081
2.8286
3
2.7895
3.4865
3.7308
3.1515
2.6765
2.6
3.5333
3.0303
2.9706
2.9189
2.2647
2.5625
2.303
2.8421
3.0968
3.0278
3.0857
3.3226
3.2353
2.9677
3.7297
3.2564
2.9839
3.4194
2.7895
2.7429
2.9697
3.0312
2.8108
1.75
2.4118
3
3.3226
3.4
2.9459
2.5
3.4857
2.8684
3.4848
3.1212
2.5758
3.303
2.697
3.0294
2.1875
2.697
2.4865
3.3939
2.6333
3.125
2.9412
3.5658
3.8519
3.3333
2.4118
1.4286
2.6053
3.0909
3.1379
3.3871
3.3143
2.129
2.8158
2.9848
2.9189
3.3421
2.8571
2.6061
3.1667
3.0294
2.8378
3.9722
2.4697
2.9667
3.1176
2.7188
2.5588
3.0645
2.5135
3.3158
2.871
3.1667
2.8684
3.2703
3.0645
3.4545
2.8857
2.8571
3.3158
3.2154
2.973
3.25
3.0303
3.0541
3.4062
3.3
3.2162
3.4242
2.9091
2.2222
3.6429
3.0263
2.6667
3.0312
2.9444
3.0857
2.5385
3.5455
2.9344
2.9412
2.931
2.4677
2.7812
2.7778
2.7105
2.9459
3.0625
2.5625
3.2286
2.6333
2.9697
3.069
3.4615
3.0256
3.3947
2.2903
2.6774
2.7895
2.7667
2.7812
2.9667
2.3871
2.7838
2.6364
3.2857
3.3548
3.7812
3.3333
3.2429
3.1944
3.1471
2.7576
2.6579
2.7941
3.1316
2.6452
3.1562
2.5385
3.4375
2.5946
3.1471
2.8056
3.0625
2.625
3.1053
2.6667
3.3636
2.4872
2.8125
2.2
2.5789
3.1875
3.2121
2.9189
2.1176
2.6765
3.4516
3.0857
2.7179
3.1935
3.7059
2.7692
3.4333
2.697
3.5484
2.3939
3.2121
3.2778
2.7
3
3.2
2.6774
2.5588
3.9259
3.0938
3.0312
3.4211
3.3889
2.7353
2.9722
3.1765
2.5132
3.0625
2.4242
2.7879
3.3947
3.7143
3.4
3.0571
2.4412
3.3235
3.0882
2.4706
3.0882
3.4242
3.1471
2.6667
3.2647
3.2222
2.7059
3.0294
3
2.8889
2.7419
2.9688
2.5753
2.9744
2.8788
2.9865
3.4
3.0606
3.3871
3.2576
3.4
3.3939
3.3103
3.1562
3.0676
3.1471
2.0323
2.9706
3.7414
2.8684
3
3.0156
3.0556
3.0789
2.3871
3.375
3
2.8462
3.3846
3.0571
2.4054
3.1579
3.125
3.0938
2.9412
3.45
3.4118
3.4375
3.3438
2.9677
3.0735
3.2353
3.4062
3.0811
3.2
3.0789
2.697
3.3784
2.7714
2.9737
2.25
2.8649
3.2222
3.5333
2.6154
2.9355
2.8158
2.8919
3
2.4375
3.0571
3.4545
2.5
3.2727
3.1818
3.1944
3.1316
3.0571
3.0909
2.8788
2.9167
3.5
3.0606
2.9231
2.8205
3.1212
3.1842
2.8438
3.1212
2.9737
2.8529
3.0968
2.8438
2.9412
3.2778
3.0625
2.8235
2.9167
2.9677
3.7273
3.2903
3.4688
3.303
3.2586
3.4828
2.9118
2.5
3.2647
2.8649
2.7353
3.4118
2.6842
3.5263
2.9091
2.7097
3.2
3.2632
3.1316
2.8205
3.0625
3.1818
3.1724
2.9655
3.5938
3.2857
2.5588
3.0541
2.7162
3.2286
3.3043
2.5902
3.0606
3.1176
2.8065
3.4118
3.3939
3.1081
3.2
3.3704
2.6757
3.3088
2.4706
3
3.1389
3.3824
3.1351
2.8919
3.3548
2.6351
3.0294
2.6129
3.3333
3.6471
3.8235
3.5143
3.1875
2.8529
3.0455
2.9118
3.0882
3.3857
3
2.9286
2.8108
3.0294
3.4474
2.9697
2.9355
2.3684
3.2059
3.3939
2.7647
2.7647
3.2188
3.5161
3.1081
2.5405
3.0882
3.3871
3.4333
3.2812
2.75
3.303
3.2059
1.5862
3.8462
2.8816
3.1515
3.3939
2.3125
2.9394
3.2647
3.2121
2.871
3.1143
2.5588
2.3529
3.2647
3.5806
2.3784
2.7188
3.1034
3.15
2.9714
2.7692
2.9091
2.1875
3.3226
2.641
3.2424
2.8824
2.7812
2.6974
2.6765
2.8387
2.931
3.6071
2.5541
2.7368
2.9697
2.9706
3.0789
2.4
2.5484
3.2
3.1842
2.8462
3.3793
3.3824
2.9062
3.125
2.7143
3.3429
3
3.0811
2.6615
2.75
3.0667
3.1944
2.9143
2.8919
3.2105
2.9444
2.7536
2.7632
2.7778
3.3438
3.0571
3.0312
2.2703
3.2812
3.3333
3.3333
3.1311
2.4706
3.6857
3.1176
3.3103
2.7273
2.8788
3.3947
3.2424
3.375
2.8333
3.0882
3.3077
3.4643
2.7429
2.1515
2.5135
2.2353
2.9375
2.5758
3.6912
2.9688
2.4444
3.3235
2.875
2.2
2.4062
2.8333
3.0909
3.1515
3.3784
2.9211
3.1081
2.8438
3.641
2.8947
3.1897
2.0645
3.3514
2.7949
2.973
2.9697
3.1842
3.0938
3.7895
3.2368
3.6286
2.6452
3.1944
3.4091
3.1818
2.8857
3.3226
3.4286
3.2031
3.3226
3.0645
3.4688
3.1515
2.7692
3
3.2286
2.1212
2.75
3.2162
3.4839
3.3247
3.3676
2.7879
3.25
3.0312
2.7436
2.7568
3.4375
2.8485
2.8611
3
2.9412
3.5833
3.5
3.0588
2.3784
2.7879
3.129
2.2857
2.9697
3.0469
3.0769
2.5294
2.9189
2.8529
2.8125
3.0588
3.0909
2.6389
1.7105
2.8125
2.3684
3
2.7778
2.2812
2.7714
2.7568
2.5758
2.8788
3.3333
2.9394
3.3621
3.2727
3.1212
2.8676
3.0588
3.2857
3.2564
2.6316
3.3529
2.5938
2.5405
3
3.1875
3.5857
3.3871
3.4375
3.1
3.2368
2.6562
3.0909
2.7941
2.9697
2.9091
3.2703
3.5263
3
2.1579
3.6452
2.3235
3.2059
3
3
3.1875
3.2432
2.7647
3.4706
2.8378
2.6053
3
3.2647
3.0541
3.6875
2.9355
2.6842
3.4516
2.9848
3.2222
3.4242
3.2258
2.5152
2.9714
2.9437
3.0606
2.1212
3.4054
3.3684
2.5357
3.3226
3.625
2.9737
3.1806
2.871
2.8182
2.8286
3.7576
2.7647
2.8571
2.8
3.1765
2.7692
3.1212
3.7097
3.0588
2.75
2.8529
3.027
2.9861
3.2353
3.2424
2.7273
2.973
3.037
3.4688
3.1081
2.9677
2.7576
2.8214
2.8676
2.4103
3.2647
3.175
2.9394
3.1613
2.8806
2.2222
3.2727
3.0606
3.2059
3.4706
3.0588
3
3.5806
3.0882
2.6897
3.1316
3.2727
3.2258
2.8
3.2703
3.2432
3.1765
2.875
3.2286
2.7576
3.0882
2.7143
3.3793
2.6538
3.1176
2.6061
3.5143
2.4857
3.0571
2.6143
3.2432
2.2941
2.6
2.9167
3.1111
2.8485
2.7027
3.2206
2.75
3.2424
3.2059
3.1714
2.7429
3.1714
3.1875
3.0571
3.6286
3.4054
3.2857
3.3939
3.1111
3.1471
3.0286
3
2.8235
3.0556
3.0857
2.7429
3.1471
3.2917
3.0857
2.8857
3.1212
3.2059
3.3056
2.3824
2.3529
3.5625
3.1714
3.1212
2.7143
3.4
3
2.8857
3
3.3529
3.2
3.2857
3.5714
2.7879
2.6944
3.2286
2.5882
3.2571
3.1143
2.9167
2.9706
3.6875
3.4375
2.9118
3.0294
3.1528
3.2162
3.2353
3.0286
2.7222
2.5556
2.7778
2.9444
2.5278
2.5
3.5588
3.3548
3.1389
2.7273
2.8
3.0857
3.5143
2.2424
2.9459
3.4286
2.9394
3.3514
3.1892
2.7794
2.3871
2.6571
3.3714
2.2778
3.25
2.8889
3.0606
2.8714
2.1143
3.0278
2.7059
3.2353
3.3529
3.0278
2.2059
2.9167
3
3.3243
2.4242
3.7353
2.4706
3.3056
3.2222
2.8857
2.4545
3.1389
3.0588
3.0588
3.1286
2.8889
3.2059
3.0278
2.9722
2.6389
2.6571
3.3889
3.3714
2.4857
3.1351
3.0882
2.7059
2.9429
2.7361
3.1389
2.973
2.8
2.7714
2.8889
2.4028
2.7027
3.1765
2.7429
3.1892
2.8056
3.1429
3.5882
3.6111
2.9848
2.8889
2.3143
2.6053
3.1389
3.0571
2.8857
2.8824
3.5758
2.6875
3.1714
2.8056
2.7568
2.9706
2.7714
2.9429
2.7812
2.8438
2.5
3.2286
3.2286
3.1515
2.8529
2.9714
2.0278
3.1176
2.6571
2.5758
3.4865
3.1389
3.9189
3.4688
3.2286
2.8919
2.8286
3.1176
2.8788
2.8857
2.8889
2.5294
2.9459
2.9706
3.1176
3.1667
2.9062
2.8611
2.7143
2.6286
3.1429
3
3.3333
2.7222
3.4054
3.1818
2.9688
3.0571
3.3429
2.9143
3
3.25
2.4324
2.9459
3
3.0909
3.3889
2.7222
2.7941
3.6667
2.8788
2.9714
2.6622
3.5135
3.3429
3.2424
2.9286
2.3333
2.9714
2.6765
2.3056
2.7222
2.8611
3.25
3.1818
2.6944
3.1515
2.8
3.0833
3.0588
2.7344
2.6176
3
2.8571
3.0278
3
2.8571
3.0857
3
3
3.5588
2.8
3.0882
2.8472
3.0833
3.4242
3
3.4286
3.2639
2.9697
2.8182
2.8
3.0938
3.0541
2.8
2.7059
3.5152
2.5938
2.7286
3
3.1389
2.7143
2.9394
2.5882
2.5484
2.4286
3.2353
3.0303
2.8571
3.2286
2.6757
1.6061
3.0857
2.5429
3.3056
3.1714
2.8485
2.5857
2.9412
3.1176
3.3429
3.3
3.1081
2.1212
2.8
3.1389
2.8
2.9714
2.9167
3.0303
2.6857
3.2778
3.3333
2.9688
2.5152
2.5714
3.2353
3.1212
3.4375
3.2571
3.0833
3.1111
3.25
3.1429
3.1143
3.1143
3.0857
3.7714
2.9853
2.0312
2.9062
3.1143
3.0676
3
2.6
3.1714
2.697
3.0938
3.2857
3.4
2.9531
3.3143
2.6
3.2353
2.4545
3.3611
2.6286
2.5429
2.1714
3.3824
2.8235
2.697
2.4412
2.9167
2.9688
2.7222
2.7576
3.125
3.1667
2.9429
3.0938
2.6061
2.5455
2.8788
3.0882
3.2222
3.3235
2.9167
2.9595
2.8714
2.9697
2.6061
3.0417
3
3.1471
2.7429
3.3429
2.4118
3.2571
3.2571
3.4118
3.1562
3.1389
3.0714
2.8824
2.6471
3.1429
2.2353
2.6471
2.8529
3
2.6618
3.0303
3.1714
2.8333
3.0811
3.6667
3.1912
3.4167
3.1515
2.9167
2.8182
3.6429
3.1912
2.7941
3.1471
3.7353
2.2647
2.7059
3.5
2.8857
2.5714
2.5588
2.6176
2.8529
2.7353
3.0286
2.8788
3.5714
3.1471
3.0625
3.5278
2.7576
3.1714
2.4412
2.0625
3.3333
2.7879
2.6667
3.1143
2.5714
2.8571
3.3636
2.5714
2.9118
2.6061
2.75
2.8857
3
3.4459
2.5714
3.1818
2.6757
3.2286
3
2.9583
2.5714
2.8108
3.5405
2.9444
2.7714
3.5278
3.2083
3.2727
2.7838
3.0735
3.2353
2.8649
3.4118
2.5143
3.3889
3.2857
2.8788
2.6324
2.8529
2.9722
3.0909
3.0833
2.9167
2.6571
3.2973
2.4706
3.2941
2.9444
2.8919
3.2
3.303
3.0588
3.4706
2.7297
3.0571
3.3514
3.5
2.8056
2.7941
2.7059
2.5312
2.9697
2.7
3.4118
3.3143
2.7429
2.7568
3.2069
3.2941
3.3548
3.0606
1.973
2.8182
3.1286
2.6143
2.75
3.1351
2.6944
2.4444
3.0833
2.6857
2.8182
2.2
3.4286
2.6765
1.7222
2.9474
3.3056
3.0833
2.4857
2.9091
2.7059
3
2.7353
3.2424
3.3056
2.5676
3.2121
2.7879
2.6667
3.5312
3.3714
2.8788
3
3.0938
3.1429
2.6129
2.5429
3.0833
3
2.8571
2.6857
3.2
2.5455
3.2647
2.4412
3.0286
2.8889
3.5588
2.5714
2.7297
3.3143
3.2727
3.0625
3
3.0571
2.5
3.0606
2.7273
3.4722
2.8611
3.3056
3.0278
3
2.8485
2.697
2.9571
2.7429
2.7895
3.3684
2.6061
3.1111
2.6857
2.8788
2.2941
3.1667
3.1429
3.6667
3.4857
3.2857
3.1111
2.6212
3
3.2059
2.3514
2.7576
3.0882
3.4286
2.8571
2.8788
3.4
2.6
2.9091
3.0286
2.5588
2.9697
2.9429
3.5455
2.7222
3.0588
2.3714
2.3529
2.6111
3.1111
3
2.8947
2.9722
3
3.2763
3.1667
2.6111
3.6389
2.9167
3.4375
2.7576
2.8378
3.2647
3.0857
2.1944
2.5441
2.6286
3.3438
2.9688
2.5946
2.5
2.7576
2.8
3.0606
3.2639
2.9429
2.7143
3.4571
2.2206
3.1667
2.8333
3.0606
2.7879
2.8971
2.8824
3.0294
2.7778
3.2571
3.1143
2.7222
3.0278
2.4412
1.9714
3.8065
2.8182
3.0882
3.5152
3.1429
2.7727
2.6944
2.1875
2.7286
3.0571
2.9286
2.3333
3.2812
2.7222
3.1471
2.5588
3
1.9167
2.5152
2.9444
3.1515
3.4118
2.7143
3.1143
2.9118
3.4286
3.2571
2.8
2.7917
2.9412
3.2424
3.1714
3.3788
3.1562
3.0312
2.8286
2.1429
2.7576
3.2632
3.0286
3.4324
3.4412
2.7143
3.1757
2.7714
3.5758
2.5714
3.1389
3.1818
2.7742
2.9714
2.6944
3.2353
2.8333
3.2286
3.0909
2.2368
2.6571
3.2857
2.0857
3.0909
3.0294
3.75
3
2.5714
3.4324
3.1667
3.4118
2.9028
2.9394
3.1081
3.4444
3.0909
2.7143
3.1389
2.9429
3.2286
2.9706
2.6765
2.6667
2.2286
3.4722
3.0303
2.7143
3.1875
2.2727
2.4722
2.8438
2.6857
3.4444
2.5
2.9429
2.697
3.75
2.7714
3
2.9706
2.8056
2.4444
3
3.4706
3.5588
2.9091
2.8571
2.2778
3.027
3.3243
3.0571
2.9444
3.3143
3.1212
2.7059
2.9429
2.4412
3
2.9189
2.9429
2.9545
3.3143
3.0857
2.5278
2.8788
3.0909
3.5
3.1765
2.4571
3
3.4839
2.6875
3.0429
3.4444
2.3333
3.0278
2.7941
2.7778
2.9444
2.6286
3.0606
2.7714
3.4545
3.2857
2.6571
3.4
3.2647
3.2941
2.4444
2.7879
2.8571
3.5938
3.0625
2.9118
3.1944
3.0625
3.303
3.0526
3.0286
3.3243
3.2812
2.9412
3.6111
3.3571
3.2222
3.1143
2.8857
3
2.8529
2.8788
2.9
3.0294
3.0286
3.2973
2.8529
2.3514
3.0278
3.2121
2.3714
3.2857
3.0606
2.4194
2.8182
3.2424
3.2857
2.8378
2.5455
3.4444
3.25
2.6875
2.2703
3.1892
2.7941
2.8571
3.3824
2.3871
2.9143
2.8649
2.7879
3.4324
3.2
3.7273
3
2.7647
2.6486
2.5676
2.2857
2.8857
3.1429
3.0588
3.0303
3.1143
3.1471
2.8571
3.0882
3.1389
2.7714
2.6471
2.5758
3.2059
2.7
2.8857
3.3429
3.5
2.7143
2.6667
3.1765
2.4444
3
2.8529
3
3.4118
2.5735
2.8889
2
3.1324
3.0286
3.4706
2.7222
2.9091
3.5938
3.0882
3.1351
3.1818
2.9706
2.9714
3.0286
3
2.2121
3.3857
3.5455
3.3333
2.9091
3.1515
2.9583
3.0312
2.7097
3.0571
3.2
3.4062
3.3611
3.1143
3
3.0286
2.7647
3.0857
2.5968
3.2941
2.8571
3.6944
3
2.5882
2.9714
3.4714
3.1714
3.1765
3.1143
3.4167
3.1714
2.4242
2.6571
2.7
3.4706
3.1818
2.8286
3.125
2.8571
3.4571
2.6765
3.0294
2.6571
2.8235
2.7857
2.5588
2.2941
2.7838
3.0312
2.8235
3.0833
2.6571
2.625
3.1714
3.4444
2.871
2.75
2.9143
2.6286
2.8788
3.0571
3.3714
2.6351
2.6389
2.7879
3.3333
2.9706
2.2188
2.8857
3.2286
2.6
2.8788
3
2.6286
3.0811
3.1176
3.4118
2.8286
2.9706
2.6667
3.1571
2.9118
2.7429
2.8387
2.7778
2.8788
2.8125
3.2059
2.6765
3.2571
2.8333
3.6111
3.1892
2.3056
2.7353
2.3333
3.0882
2.6389
2.7368
2.9697
3.3333
3.1143
2.7973
3.1389
2.4242
3
3.6053
3.1212
2.6111
2.9429
2.4857
2.5714
2.7778
2.6
3.0606
2.7429
3.3889
2.0857
3.3429
3.2121
3.0526
2.6667
3.0857
2.4286
3.4444
3.0606
2.6714
2.8333
3.0606
3.3429
2.8056
2.8333
2.8571
3.5429
3.1892
2.1316
2.5152
3.1471
2.3125
3.1714
3.4444
3.4828
3.6667
2.7429
3.1818
2.8438
3.125
2.9394
2.9714
2.6912
3.1622
3.5455
2.8286
2.9429
2.8286
2.6471
3.1765
3.4571
3.4189
3.6111
2.3889
3.1351
3.5882
3.2353
2.9091
2.8889
3.3889
2.7353
3.0571
2.6216
2.9118
3.2432
3.0909
2.7097
3.3714
2.3939
2.5429
2.4571
3.2222
2.9545
2.4286
3.3235
2.9118
3.3429
3.7143
2.5484
3.4
3.0606
3.6389
3.3529
2.5263
3.2121
2.9677
3.2424
2.6471
3.0303
2.8333
2.7778
2.4429
3.3056
3.2
2.75
3
3.1618
2.6579
3
2.9722
3.5143
2.6857
2.0571
2.5758
3.0833
2.303
2.1515
2.9706
2.6571
2.5
2.8286
3.375
3.0833
2.9853
2.7647
2.8485
3.3611
3.2424
2.8485
3.0278
2.8438
3.1515
2.6857
2.8125
3.0286
2.9412
2.7714
3.4857
2.8235
3.1562
3.2941
2.9429
3
3.2
3.3529
3.4167
2.5556
3.0857
2.9394
2.8889
2.7714
2.0556
3.9429
2.8182
2.8788
3.2424
3.3611
2.5588
2.75
3.4571
2.2941
3.2973
3.2424
2.697
3.0556
3.5758
2.9714
2.5147
3.2432
3.2286
3.0556
2.4412
2.9118
2.7353
3.0556
2.9091
2.5714
3.0857
3.3429
3.2941
2.8889
3
2.7429
2.8333
2.8
2.9375
3
3.1765
3.0278
2.9714
3.1429
3
3
3.1515
2.9853
2.8088
2.6562
3.1944
2.8636
2.9412
2.8529
2.9265
2.9265
3.0909
2.8824
3.3333
2.9706
3.4706
2.8824
3.4
3.3235
2.8824
2.8529
2.5606
2.6571
3.1471
3
2.4722
3.7059
2.7778
2.9697
2.9444
3.4444
2.8421
3.4722
3.0571
3
2.5143
3.0857
2.9429
3.1111
3.0882
3.0556
3.3871
2.8056
2.7576
2.7429
2.5455
2.7812
3.1143
3.1944
2.9714
3.2778
2.9412
3.2857
2.8857
3.0789
3.2941
3.2
2.7941
3.1429
2.8824
2.8824
2.8571
2.9167
3.5294
2.697
2.7059
2.6061
3.2353
3.0857
3.4167
3.2353
3.0294
2.4286
2.6875
2.6
2.697
2.3529
2.8286
2.9737
3.1806
2.9444
3.0833
3.3939
2.1806
3.2353
2.5676
2.7
2.6571
2.6618
2.9688
3.027
2.7143
2.7429
3.2
2.9143
2.3194
3.303
2.7879
2.3529
2.7353
2.8485
2.9167
3.125
3.2353
2.2353
3.5676
2.7714
2.2286
3.0286
2.4722
2.9444
3.0294
2.8571
2.4211
2.9722
3.0571
3.1143
3.1714
2.8889
2.871
3.4545
3.2
2.75
2.9412
3.6364
3.1515
3.2727
2.8438
2.8636
2.4559
3.2647
3.1053
3.0152
3.0286
3.1765
3.3281
2.6571
2.8857
3.1714
2.8611
2.6111
3.7
2.7188
2.7714
2.8571
2.4
3.0938
3.1818
2.9394
2.9571
2.5882
3.3333
2.8571
2.8529
2.9143
3.4706
2.6571
3.4571
3.1081
3.2742
2.8889
2.7778
2.9375
2.9394
2.8182
3.2121
3.4
3.1429
3.3235
1.9706
3.0303
3.2571
2.5143
3.0571
3.1429
2.7273
2.7353
3.4857
3.1912
2.973
3.3235
3.1714
3.4118
2.6111
2.75
2.7297
2.8919
3.2969
2.25
2.4571
2.6912
2.8235
2.8966
3.5278
2.0857
3.4571
3.3056
2.2432
3.1143
3
2.7143
2.6471
3.2941
2.7576
3.0556
3
3.0588
2.8857
2.8889
3.2353
2.8571
3.0833
2.4
3.25
2.6562
2.7273
2.6111
3.0909
3.3714
3.3333
2.7059
2.6857
2.8378
2.9444
3.1714
2.8571
2.8485
1.9714
3.2857
2.4286
2.8182
2.4242
2.8649
2.5294
2.8529
2.5429
3.3243
3.0312
3
2.75
2.7059
2.9412
3.1667
3.2121
2.5278
2.6857
3.5429
4.0571
2.8056
2.9714
2.9143
2.8788
3.3529
2.7941
2.875
3.4054
2.7778
2.6857
2.6528
3.5556
3.1
3.0833
2.5556
2.7027
2.9412
2.5556
2.697
3.5429
3.2353
3.1622
3.1176
3.3889
2.4545
3.2286
2.6389
3.3158
3.1765
2.8333
3.3824
2.875
2.4857
3.4
2.7188
3.2941
2.7353
2.697
2.6471
2.9412
3.1818
3.6061
3.0278
2.9167
3.1892
2.6875
3.8857
2.7778
3.5714
3.0139
2.2647
2.6757
2.5946
3.4545
2.7027
2.697
2.7647
2.9091
3.2083
3.5
3.0909
2.8529
3.0429
2.9394
3.2353
3.0294
2.7778
3.25
2.6286
2.8378
3.4242
2.8571
2.75
2.7714
3
3.2778
2.6316
3.3333
2.2714
2.8889
3
3.1143
3.4714
3.1562
2.6364
2.5294
2.9559
2.4722
2.4242
3.3286
3.1212
3.4054
3.5714
3.1429
2.9189
3.2297
3.6774
2.9444
2.9062
2.5833
3.3788
2.8429
3.0294
2.3611
3.0556
3.2571
2.9091
3.1515
2.9118
2.9714
2.9857
3.4167
3.3333
2.7222
3.5714
3.2222
2.5
2.6316
3.4722
2.6875
2.7143
3.2727
2.8243
1.9189
3.1143
2.6571
3.1944
3.2
3
3.1765
2.4242
2.8056
1.9429
3.1765
3.1515
2.9412
3.2857
3.1765
3.4118
2.4412
2.9429
3.5
2.4286
3.1857
3.3429
3.4857
3.0735
2.6143
3.2778
2.7879
2.6571
3.0857
2.8919
2.8857
2.8182
3.3243
3.2222
3.3714
2.9444
3.2
2.5833
3.1429
3.2286
2.7568
3
3.0286
2.7879
2.5
2.9706
2.8286
3.527
3
3.5968
3.1471
2.7576
3.1857
2.7059
2.7143
3.4324
3
3.1875
3.7568
3.0606
3.1143
3.3824
3.2727
3.1667
3
2.8611
3.0833
2.7
3.625
2.4857
2.9118
2.9706
3.2286
3.3143
3.1429
2.4706
3.1714
2.6667
3.3714
3.0857
2.5303
3.0882
3.2727
3.1429
2.9706
2.9143
3.0556
2.9412
2.8939
3.1515
2.7647
3.1765
2.9697
3.2424
3.125
3.0857
2.375
3.4571
3
3.0882
3.0294
3.1351
2.6944
3.1324
3.2286
3.0303
2.3684
3.1351
2.9091
2.7571
3.1765
3.0294
2.7571
3.5303
2.8235
3.4848
3.4412
3.0606
2.6571
3.2571
3.1429
2.8571
2.8378
3.6571
2.7931
3.2286
2.7941
3.2059
3.2424
3.1429
2.8889
2.3056
3.5
2.3529
3.2
3.0556
2.7
3.1622
2.8235
3.1429
2.75
3.0278
2.9375
2.6562
2.8485
2.6129
3.1176
2.9143
3.1765
3.5571
3.2
3.6875
2.8947
3
3.4545
2
2.3438
3.2429
2.7143
2.9394
2.5882
3.0909
3.0278
3.1429
3.5676
2.7941
2.9429
2.2571
3.1765
3
3.1
3.25
2.5556
3.4571
3.1875
2.8889
2.9167
2.9167
3.3143
3.5
3.027
3.1212
2.8429
2.9143
2.3529
2.7353
2.8889
3.0571
2.6471
3.4138
3.0286
2.697
3.1286
3.0571
3
2.5571
2.9706
2.9118
3.0857
2.8824
2.7941
2.7222
3.2432
3
3.1286
2.8333
2.9167
3
2.5278
3.2778
2.9714
3.4595
3.4167
2.8571
2.2571
3
3.3194
3.3143
3.1429
2.9118
2.9429
3.0278
1.9714
3.4
2.8438
2.7083
2.8333
3.2353
2.9722
3.4167
3.1714
2.2973
3.2361
2.9143
3.2286
2.8182
2.9706
3.2571
3.2
2.8649
2.8529
2.2969
2.9394
2.7838
3.3429
2.9143
3.2286
3.0278
3.8
3.3824
3.0625
2.2571
3.3286
3.4865
2.8529
2.7941
3.0857
2.4286
2.9394
3.4595
2.6562
2.8333
2.8788
3.3056
2.6875
2.9853
3.2121
2.9571
2.8485
3.3235
3.6324
2.8333
2.8676
3.027
3.5
3.0833
3.2353
2.7143
2.9697
3.3143
3
2.9412
3.4848
3
3.0556
2.7941
3.3714
3.0278
3.3333
3.3529
2.8788
3.0294
2.5429
2.7838
2.8
3.5294
2.8472
2.6486
2.5588
3.1429
2.4857
2.697
3.6111
2.9429
3.0345
2.9167
2.6
3.2162
2.5588
2.7778
3.1351
2.4857
3.2424
2.7188
3.4722
2.6053
2.8438
3.2571
3.2121
3.2286
3
2.5455
3.6562
3.6857
3.3429
3.1212
3.0588
2.6757
2.4412
2.9167
2.8857
2.2941
3.4062
2.6562
2.25
3.3429
2.8
3.1818
2.8571
2.4211
3
2.9143
3.0588
2.6857
3.0286
2.7576
2.8
3.3333
3.1714
2.9677
3.3429
3.1875
3.0857
2.9143
3
2.6757
3.0968
2.6471
3.6
2.9
2.4242
2.9143
3.0909
2.8194
3.5833
3.3182
2.8286
3.0714
3.5556
3.027
3.0303
2.8056
3.2
2.9444
2.6111
2.8824
3.0294
3.0278
2.7353
3.2941
2.7273
2.6429
3
3.0286
3.3333
3.0323
2.7353
2.9697
3.0833
3.6111
3.2222
3.0556
2.8
2.4857
2.7727
2.8714
2.9143
2.6364
2.7353
2.8125
2.7429
3.4286
3.1765
2.8485
2.8182
3.1842
2.6364
2.3143
2.8571
3.1714
3
2.9355
2.9375
2.4286
3.2059
3.1111
2.7568
2.7714
3.0556
2.8529
3.2727
2.9167
2.5946
2.9167
3.0833
3.6571
2.6452
2.8714
3.4375
2.5758
3.0286
2.5714
2.8235
3.3333
2.9559
3.0571
2.9714
3.0571
3.0882
3.0882
3.25
3.1143
2.4118
3.2
2.7143
3.0571
3.4
2.3429
2.8485
3.2571
3.2
2.8788
3.25
2.6176
3.0571
2.7353
2.9848
3.3333
2.9714
2.9706
3.3143
3.4545
3
2.8333
3.1212
2.4167
2.8485
3.1111
3.0645
2.9143
2.8571
2.8571
2.4324
3.2879
3.0882
3.2571
2.5278
3.3235
2.8235
2.8971
3.1857
3.4571
2.9714
2.9394
2.7429
3.3235
3.2143
2.9167
2.5294
2.9706
2.9394
2.5714
3.2353
2.7857
2.9722
3.0303
2.8056
3.2941
3
2.7429
2.7031
3.0909
3.6667
3
3
2.5556
3.1875
3.3824
2.7576
3
3.0286
3.4242
2.8286
2.5
2.8235
2.6857
3.2571
2.9143
3.1143
3.0606
3.129
3.1176
2.8182
3.4167
2.1944
2.7059
2.6944
3.4722
2.5758
2.2286
3.6364
3.3714
2.9714
2.8125
3.2059
3.1429
2.4242
2.9189
2.9429
2.8788
2.6571
3.5882
2.8611
2.6571
3.1176
3.1429
3.0588
2.75
3.1212
2.9394
3.2857
2.9429
3.027
3.0556
3.3784
3.2857
2.6286
2.8857
3.2857
2.6486
2.9714
3.0857
3.3143
3.3529
3.0571
3.3714
2.9143
2.8286
2.1667
3
2.5946
3.2857
2.4054
3.2424
2.8286
2.4286
3.1351
2.9143
2.8857
3.2286
3.3143
3.1143
2.8571
3
2.7941
2.0606
2.6176
2.8571
2.3939
2.697
2.8529
2.5294
2.9412
2.7059
2.8824
2.8
2.697
3.0441
3.1667
2.7647
3.4412
2.9412
3.0294
3.303
2.9714
3.0139
2.3333
2.8857
3.0571
3.2222
3.7143
2.3939
3.0571
3.0143
3.3056
2.8788
2.6667
2.9143
2.9375
2.5294
3.1944
2.6857
3.2857
3.2647
2.9429
2.5625
2.6486
3.1515
3.2
3.2571
3.0286
3.3056
2.9062
3.2857
3.3824
2.3143
3.303
3.3243
3.0286
2.5676
2.7222
2.875
3.2857
2.7647
2.8
3.2222
2.8
3.2286
3.4
2.7429
3.1774
3.0625
2.6765
3.2353
3.1176
2.8056
3.4444
3
3.5312
3.4722
3.1111
3.2121
2.8824
2.7879
3.2941
2.7222
3.2941
2.9091
3.0147
3.6857
3.0571
2.3939
3.0833
3.0556
3.75
3.0857
2.9714
2.3429
2.9412
2.9091
2.625
2.9688
2.5758
2.6389
2.7639
3.0303
2.2941
2.2941
3.5143
3.125
3.3333
3.2812
3.0588
2.1212
3.1714
3.1176
3.1176
2.3889
3.2286
2.7368
2.9394
2.5294
3.3333
2.8286
2.4595
2.6944
3.1111
2.9091
3.0303
2.7429
3.1912
3.1351
3.4722
2.8889
3.0556
3.0588
3.1286
2.5882
2.7143
3.1143
2.8529
2.7812
3.0938
3.6857
3.2162
2.6571
3.4286
3.6
2.6857
2.7714
3.1765
3.1622
3.6
3.1364
3.5429
2.7143
3.4722
2.8788
3.2727
3.4242
3.1389
3.3125
3.1667
3.1094
2.7353
3.4444
3.6471
3.2188
2.5714
3.1111
3.3088
2.2059
2.5
3.25
3.5
2.75
2.9412
2.8125
3
2.7714
2.9118
2.4722
3.0882
2.7188
2.5
3.0571
3.0312
3.4706
2.9118
3.0429
3.0147
3.4
3.1471
3.3056
3.2857
3.25
3.4286
2.7297
2.8571
3.3714
3.0588
3.5
2.7973
2.4167
2.9697
2.9143
3.7059
3.2727
2.4722
3.2714
2.6364
3.1111
2.6622
2.9706
3.5303
3.3676
3.0882
3.1618
3.3714
3.1111
2.8889
2.8286
3.3824
2.8857
2.8
3.0833
2.7424
3.2571
3.2121
3.0417
3.4688
3.4
2.9189
3.4167
3.7143
3.1212
2.8333
3.2812
3.4839
2.8286
2.8788
2.6571
3.4054
3.3611
3.6471
3.2
3.0882
3.0278
3.2941
3.0882
2.7353
2.9706
3.3438
3.0556
2.7714
3.3143
2.9091
2.8438
3.1515
2.9722
2.9143
2.9189
2.8182
3
3.0312
3
2.5758
3.2571
3.0588
2.9118
2.7059
2.1143
2.8649
2.8571
2.3429
2.8824
2.8194
3.1944
2.6286
2.9118
2.4688
2.7879
3
3.1351
3.1667
3.1667
3.0588
2.9167
2.7368
3.3611
2.3889
3.2647
3.0833
2.7027
3.4
2.3514
2.6571
3.0676
2.9714
2.7143
3.1667
2.8857
2.9706
3.0541
3.2647
3.2206
3.0857
2.4571
2.9412
3.2812
3.1081
2.3636
2.5588
2.5833
2.7059
3.2941
2.6029
2.75
2.697
3.5143
2.3243
3.1714
2.75
2.9242
3.1143
3.1143
3.1515
3.4118
2.875
2.4054
2.5588
2.8714
2.6471
3.1944
2.7353
3.1176
2.7568
2.7429
3.4375
3.4571
3.4118
3.4
3.3143
2.7647
2.5714
3.3824
3
3.2121
2.8788
3.1176
2.8788
2.7273
3.5143
3
3.4412
2.9714
3.2353
2.0278
2.6389
2.75
2.9714
3.1111
3.4242
2.6667
2.5143
3.4
3.5429
2.9143
3
2.6216
3.3714
3.2647
3.3871
3.1429
3.2
2.9688
2.6176
2.3824
2.6111
3.5758
2.8857
2.6857
2.9429
2.1622
2.871
2.4571
3.129
3.2857
3
3
3.1111
2.7143
3.0441
2.7059
2.8788
3.2571
3.3333
2.9444
2.9583
2.8788
2.9444
2.5312
3.2222
3.3529
2.9189
2.6
3.4722
2.6765
3.1143
1.9394
2.2571
3.3889
3.0588
2.4706
3.0294
3.2941
3.0571
2.9394
3.2286
2.9714
3.4857
3.2286
3.0857
2.7576
3.0588
3.0882
3.2727
2.9429
2.8378
3.3611
2.9143
3.0312
2.8594
3.0606
3.0882
2.7941
2.1944
3.3226
2.9697
3.6562
2.8571
2.8529
2.9394
3.1471
2.75
2.9242
3
3.2368
2.9143
2.7576
3.0278
3.4242
2.7121
3.2857
2.9444
2.8286
2.8333
3.4444
3.2571
3.4219
3.8
3.3235
2.5625
2.9167
3.4706
3.1765
2.9853
2.6286
4.1212
2.3
2.9459
3.2
2.8
3.4444
2.2121
2.3939
3.1389
3.2121
3.4444
2.9429
3.0541
2.8824
3.3143
3.0571
3.0286
3.7903
2.5
3.2
3.4714
2.8286
3
3.1714
2.3636
2.9714
2.9722
3.0938
3.0286
2.8125
3.3056
3.6571
2.7143
2.6
3.2162
2.7143
2.9429
3.1176
2.5294
2.7727
3
2.9444
2.2857
2.9714
3
2.8485
3.1029
3.1818
2.75
3.3243
3.2969
2.8056
2.9143
3.1143
3.0676
2.9706
2.6111
3.1143
3.1471
2.875
3
3.4
3.3438
3.1618
3.3714
2.6364
3.2432
2.9722
2.9714
3.125
3.3611
2.6
2.6571
2.4722
2.9091
2.7812
2.5676
2.6286
3.2812
3.1667
3.0303
1.7778
2.8889
2.7222
2.9697
2.8
3.1143
3.3125
2.7353
3.1892
2.5294
3.2714
3.3714
2.9429
2.6389
3.3636
2.9459
3.0571
2.8056
2.625
2.7297
3.0278
2.8108
3.3333
2.4848
2.9444
3.125
3.1286
3.7879
2.5833
3.0882
3.697
3.3824
2.8056
3.3636
2.9714
3.2286
2.4706
3.2
3.0469
3
3.6286
2.9706
3.4
2.7297
3.3824
2.6471
3.5789
2.5294
3.2121
2.7812
3.3143
3.4375
3.6286
3.3429
2.3939
3.3529
2.7353
2.7647
2.6765
2.9737
2.6389
3.1944
2.5556
3.1081
2.5
2.6
3.1714
2.7353
2.9143
2.8485
3.303
2.3714
3
3.1286
2.8286
3.5312
3.1515
2.4
2.8182
3.6364
3.3939
3.0294
3.0571
2.5
2.4595
3.2083
3.2647
3.4444
2.3824
2.4444
3.7273
3.4143
2.5135
3
3.0278
3.1562
2.8333
2.7714
3.2571
3.5588
2.7812
2.2941
2.8333
3.0571
2.6286
2.6389
2.2424
2.9167
3.5455
3.25
2.6216
2.8182
3
3.2353
3.6286
2.9706
2.8182
3.1667
3.129
2.9412
3.0833
3.2286
2.9143
3.0857
2.5857
3.2
2.7143
3.4571
2.5
2.6667
3.3226
2.6765
2.9394
2.6818
3.3333
3.2778
3
3
3.4444
3.2941
3.2973
2.6471
3.5833
3.4571
3.1667
2.6667
3.0882
2.9706
2.6944
3.0588
3.2727
2.9706
2.5303
2.2059
3.7941
3.1818
2.8824
2.9861
2.8857
2.5588
2.7222
3
3.2121
2.8571
3.0571
3.1714
2.7361
2.8824
3.1429
3.1471
2.6857
2.9706
2.6667
3.0556
2.25
3.4595
2.9394
2.973
3.2353
3.0294
2.6571
3.25
3.3649
3.0606
2.7703
2.3429
2.5946
3.1944
3.5294
3.3714
3.2857
3.4242
3.0556
3.2941
2.8824
2.7222
2.7778
3.4375
3.4595
3.6875
2.7714
2.6714
2.9167
3.0588
2.6667
2.9143
3.2286
3.2424
2.9714
2.9167
3.0286
2.5429
2.2
3.0588
2.6857
2.8889
2.5588
3.1714
3.1053
3.1176
3.2857
3.0833
2.7121
3.0735
3.1429
3.375
2.6286
3.2222
2.1875
2.6
3.3684
2.5429
2.9394
3.0857
3.4595
3.5556
3.2973
3.0588
2.9714
2.3056
3.3636
3.4545
3.0735
2.7568
2.8
2.5882
2.8286
2.8286
2.5429
3.2571
2.8286
3.2162
2.8235
3.1515
3.4444
2.6571
3.3714
3.5312
2.1765
2.4857
2.8857
3.0286
3.0588
2.9429
3.2
3.1389
2.8056
2.5714
3.2424
2.6528
3.0571
2.6286
2.5
3.0541
2.8
3.4375
3.1714
2.6667
2.6857
3.2647
3.0811
3.0286
3.0909
3.2286
2.9118
2.75
2.7778
3.2571
3.375
2.9306
3.25
3.1
2.9722
2.9714
2
2.0972
3.1111
2.9394
3.1944
3.25
3.4706
2.4324
3.0588
3.2059
3.1351
2.7941
2.5143
3.2286
3.0714
2.2188
2.4444
2.7353
3.4032
2.9412
3.6471
3.2812
3.1389
3.0303
2.5758
3.1562
3.375
2.9714
2.1944
3.3108
3.4706
3.0833
2.9714
2.8235
3.7576
2.8485
2.8235
3.0588
2.9028
2.75
2.7353
2.8125
2.9143
2.7027
3.2424
2.7879
2.6471
2.5714
3.1806
3.1176
2.7647
3.2432
2.9714
3.1515
2.4571
2.5714
2.4167
2.6571
2.9118
3.5676
2.7429
3.2286
3
2.6471
2.6765
3.1176
2.4286
3.3429
3.1892
3.4857
2.7429
3.1667
2.75
3.4412
3.2727
3.1351
2.5135
3.1571
2.4848
2.8824
3.2647
2.9737
3.2188
3.2121
2.8611
3.1765
3.3438
3.1379
2.7429
3.5714
2.8286
3.0588
2.7121
2.5278
2.9167
2.8333
3.2778
2.4706
3.4
2.4444
3.1818
3.1667
2.9688
3.2059
3.3333
2.8571
3.1515
3.6667
3.0882
3.3824
3.0286
3.1714
2.7222
2.7143
2.875
2.7568
3.2727
2.7714
2.7143
3.0571
2.9143
3.303
3.6389
2.5694
3.3333
3.0294
3.3939
3.0857
3.4
3.0303
3.1471
3.697
2.7812
3.3529
2.9559
2.7353
2.8529
3.0606
2.6286
3.0441
3.2571
2.5556
3.3056
2.8788
2.8889
2.7027
2.9688
3.0571
2.8571
3.4118
2.7419
3.1429
3.1562
2.8571
2.8286
2.697
2.6667
2.6216
3.4
3.2059
3.2973
2.8919
2.7143
3.0588
3.25
3.0294
2.8056
3.2
2.7857
2.75
2.8889
3.1667
2.9444
2.8333
3.2222
2.3611
3.2424
3.0588
2.9143
2.6944
3.2424
3.6765
2.9028
3.4545
3.1429
3.2424
2.9429
2.7714
3.2941
2.7222
2.3611
2.8182
2.973
3.1176
3.0429
2.697
3.5946
3.4848
3.4
2.5278
2.9429
3.0294
3.2879
3.0286
2.8788
3.6562
3.2857
3.5429
2.4571
2.7778
3.3333
3.0606
2.8857
3.1389
3.3235
2.3714
3.2121
2.8
2.5833
3.3611
2.9722
3.5455
3.1818
3.1944
2.9143
2.9412
2.1176
2.8056
3.25
3.1667
2.7143
3
2.9722
3.1818
2.9091
2.8857
2.9143
3.1212
2.9143
2.9054
3.4286
2.3438
2.8971
3.2647
2.7576
3.3143
2.8788
3.1324
3.0588
3.3889
3.2941
2.7143
3.4242
2.8235
3.3485
3.1515
2.9429
2.9143
2.8056
2.8857
3.1429
2.9688
3.0286
2.5862
3.2
2.7714
3.303
3.2778
3
2.8235
3.3529
3.0882
2.75
3
3.2941
2.9091
2.4545
2.6857
2.8824
3.1714
2.4286
2.7143
2.9697
3.3514
3.25
3.3714
3.2
3.3529
2.9714
3.3281
3.2647
2.9286
2.7353
2.8611
3.1818
3.4286
3.4706
2.8056
2.7273
3.2857
3.75
2.8611
2.9143
2.7727
2.7027
3.0294
3.5278
3.2353
2.9062
2.8529
3.2647
3.4444
2.8611
3.4706
2.9706
2.7714
2.3939
3
2.4444
2.7222
3.1429
3.1471
2.9714
2.7857
3.1667
3.0286
3
2.9143
2.8857
3.0294
2.6471
3
2.4167
3.5606
3.1622
2.4
2.8143
2.8857
3.4444
3.1143
2.9118
2.9444
2.8857
3.1818
3.2778
2.7879
2.9722
3.2162
2.9394
2.6857
3.3857
3.2105
3.1765
2.7714
3.027
3.4459
2.2727
2.5455
3.0278
3.4
3.0588
2.6667
3.2059
2.8529
2.9394
2.9714
2.9143
2.9286
3.2353
3.1471
3.1389
2.25
3.1944
3.5143
2.8788
2.7812
2.6571
2.7838
2.4571
3.5294
3.2571
3.25
3.2432
3
2.7647
2.9394
2.9722
3.4722
3.1765
3.1714
2.5484
3.2222
3.1143
3.2286
3.2222
3.0147
3.0811
3
2.5
2.1765
2.7429
3.0882
3
3.2857
2.7059
2.8788
2.2941
3.3636
2.2778
3.0147
3
3.4286
2.9697
2.8125
2.8125
2.2778
3.2353
3
2.3056
2.9118
2.4706
2.6429
2.4722
2.8485
2.4444
3.2059
3.1515
2.8
2.4706
3.4571
3.1944
2.5152
2.9459
2.6286
3.2059
2.9706
3.3243
2.7714
3.4286
3.4848
3.4118
3.0833
3.3333
2.7656
3.1714
3.25
2.4571
3
2.6765
2.8438
2.9722
3.1944
2.5278
2.6286
3.3939
3.3429
2.8571
2.7857
3.1389
3.0882
3
3.3889
2.7273
2.7143
3.2571
3.0909
2.75
2.8235
2.9375
2.8125
3.1765
3.5714
3.2857
2.1389
3
2.75
3.0417
2.7353
2.5625
3.2571
2.9412
3.0441
2.9706
3.3636
2.6286
3.1176
3.1944
3.2
3.0571
2.7576
2.6111
2.7222
2.9706
3.3143
3.5833
2.5857
3.4545
2.9697
3
3.2424
3.4211
3
2.4857
2.1111
3.1667
2.5
2.9118
3.0286
3.0312
3.0588
3.2973
3.1622
3.2571
3.0882
2.8919
3.2353
2.5143
3.2703
2.5135
3.0571
3.5143
3.3714
2.4062
2.9429
3.2571
2.8529
3
2.1765
2.5143
3.1351
2.8788
3.5714
2.8824
3.1562
2.9394
3.6
3.1429
3.2857
2.7143
3.2571
3.1667
3.4857
3.1944
2.9355
3.0588
3.4167
2.5946
2.8571
3.4167
2.8333
2.5405
3.4062
2.9697
2.5278
3.1176
2.8065
3.0556
3.0294
3.0735
2.8676
2.7647
3
2.9444
2.6471
2.9429
2.5143
3.0833
3.1429
2.7568
2.9459
2.7941
3.1515
3.625
2.5152
3.1143
2.375
2.5
2.7353
2.6571
2.8571
3.0909
2.9722
2.875
2.8286
2.75
3.1471
3.1143
2.7714
3.5
3.4722
4
2.75
3
2.7568
2.3611
2.7647
2.6111
2.5294
3.3143
3
3.1111
3.303
2.4571
3.0882
3.2812
3.5938
2.9677
3.2059
2.7429
3.0286
2.6364
2.8485
3
3.0857
3.4857
2.7714
2.8056
3.1944
2.8919
2.5294
2.5429
2.8571
3.1176
3.3939
3.0286
2.6857
3.3611
2.7083
2.9722
3.4054
3.4571
2.5294
2.8286
2.9118
3.1429
2.7429
3.2727
3.4062
3.1714
3.0541
2.9595
2.6667
3.5
3.75
2.7576
3.2286
3.5294
3.2857
2.6389
3.2353
3.0556
3.1471
3.1364
3.3125
3.1857
3
3.6857
3
2.5714
2.6857
2.6286
3.4324
2.7568
3.5
2.7353
3.2812
3.4595
3.2857
2.7714
3.2286
2.9412
3.2368
2.8
3.4857
2.9118
2.7576
2.8571
2.4412
3.1143
3.6667
2.7794
3.0571
2.875
3.1667
3.3125
3.2432
2.9706
2.7714
2.6571
2.7778
3.0278
3.2353
2.3889
2.9714
3.2353
2.7742
3.4545
2.5441
2.7778
2.4167
2.7941
3.5429
3.1143
3.0147
2.7714
2.8857
2.7895
2.8529
2.5278
2.9444
2.8
2.7059
2.8571
3.7429
3.1912
3.0606
2.8
2.9118
3.1714
2.9722
3.2361
3.1471
3.0938
2.75
2.6857
2.8286
3.0938
2.4545
2.6857
3.1471
3.1389
3.3333
2.9189
2.25
3.0811
3.4
3.0429
2.8571
2.7778
2.8571
3.1111
2.8889
3.1081
3.0857
2.8889
2.7647
2.7429
2.7429
3.1562
3.2353
2.8919
2.0833
1.8857
2.9444
2.7812
3.2162
3.1389
2.9688
2.7778
2.9429
3.1765
3.2
3.2
2.9722
2.4444
2.5455
3.5156
3.0882
2.9
2.5455
2.8857
2.8889
3.1765
3.0571
2.7812
2.7353
3.3714
3.5625
2.6286
3.375
2.7429
3.3714
3.2571
3.1935
3.3529
3.0556
3.1216
2.8529
3.0882
2.7027
2.7838
2.0139
2.75
2.8
2.6
2.5714
1.7647
3.4545
2.8824
2.4
3.0278
2.4571
3.5694
2.3824
2.0294
2.8333
2.9459
2.8788
3.2703
2.5909
3.0278
3.125
3.1143
2.6857
2.9167
3.2647
3.1176
2.4714
2.8611
2.75
3.3529
3.1622
3.0588
3.2059
3.0556
3.3226
3.9706
3.1389
3.2
3.5455
2.7059
3.125
2.6389
2.4375
3.1111
2.6286
2.4412
2.7206
3.2121
2.9412
2.9167
2.9167
3.2969
3.1316
3.4286
2.9118
3.2857
2.8333
3.1429
2.3143
2.6944
3.2923
3
2.6571
3.3333
2.5405
2.7714
2.8529
2.3529
3.1143
3.0882
3.3429
2.8571
3.1111
3.4444
2.3714
3.0882
2.8286
2.4722
3.0857
3.3438
3.2647
2.9714
2.6571
3.4242
3.2059
2.9286
3.4688
2.75
3.3235
2.8857
3.2656
3.2857
3.2222
3.3714
3.2571
2.9118
2.9143
2.8529
2.8857
2.6061
2.4
2.8857
2.7778
2.6562
3.0833
3.2286
3.1176
3.1061
2.9444
3.25
2.5694
2.7647
3.0811
3.0857
3.5588
2.7778
2.8
3.1176
2.7714
3.2059
3.0294
3.0588
3.0571
2.7714
2.6562
3.027
2.9714
3.2143
2.5645
2.4412
3
3.0571
3.5429
3.0429
2.6
2.5833
2.5
3.1143
2.6571
3.1714
2.7143
2.7917
2.9118
2.9091
3.1081
3.3125
3.5806
2.4857
2.6429
2.7941
2.6765
3.2188
3.0286
3.1667
3.2647
3.3714
2.9706
3.3714
2.3714
2.6364
2.7647
2.3824
2.8824
3.0278
2.6061
2.9265
2.7778
2.5429
2.2941
2.8889
3.0972
3.1429
2.4545
2.7273
3.5556
2.4242
3.0286
3.1714
2.9706
2.7222
3.4857
2.5526
3.1143
2.9444
2.9412
3.1515
3.2778
2.697
3.0147
3.5429
2.6857
3.1618
2.6571
3.5
2.7353
2.9091
3
3.6176
2.4706
2.9167
3.2941
2.5714
2.2857
2.7297
3.0882
3.5714
3.2941
3.2941
3.1176
3.0294
2.8
3.25
3.0909
3.0303
2.7353
2.9189
3.4444
2.5676
3.1562
2.5714
2.9143
3.2941
3.4167
2.7273
2.4167
2.4444
2.8485
2.75
3.1515
3.0789
2.9714
3.2647
2.2647
2.8333
2.4848
3.2778
2.7273
2.8056
2.9194
2.5429
3.4571
3
3.1429
3.5833
2.7297
3.0857
3.3382
2.2
3.0833
3.1324
2.3143
3
2.9062
3.2941
2.9167
3.1667
2.9722
2.625
2.9412
3.2
3.0556
3.0606
3.1176
2.7429
2.8824
3.3824
2.6571
3.3429
3.125
2.8857
3.3429
2.2286
2.697
3.2206
3.0556
3.25
2.8857
3.0312
2.973
2.8378
3.0286
3.0588
3.3438
2.8286
3.0294
2.6765
2.8919
3.1143
2.7703
3.4545
2.5882
2.4706
3.2
3.129
3.0308
3.0286
3.0857
3.2647
3.1212
2.8286
3.5588
3.1515
3.0909
2.8108
2.7714
3.0857
2.75
3.0857
2.3714
3.2121
3.3429
2.9706
2.7941
3.1212
2.75
2.5
3.0588
2.6571
2.6857
3.0286
2.2778
3.0909
3.5556
3.1765
2.8
2.9706
3.0909
3.0278
3
3.2
3.2059
2.9189
3.1571
3.2059
2.9
3.0857
3.0645
3.0625
2.8
2.8194
2.8529
3.1562
2.7222
2.8
2.6857
3.2059
2.7353
2.8333
2.7895
3.625
3.4375
2.4444
3.1143
3.0909
3.1765
3.0286
3.1613
3.1143
3.3684
3.4167
2.8108
2.4857
2.7273
3.1212
2.2
2.5152
2.8485
2.8056
2.8
2.8649
2.9865
3.0286
2.8571
3.2429
2.8676
3.1176
2.5625
3.1351
2.3056
3.0286
2.7812
2.8889
2.9688
3.3714
3.1429
2.7879
2.8824
3.2647
3.2353
3.5
3.1875
2.6857
2.9394
2.9429
3.0882
2.6757
3.1429
2.3429
2.8235
3.5455
2.5833
2.75
2.7714
3
2.8387
2.7222
3.3611
3.3056
3.6571
1.9444
3.2059
2.5556
3.3636
2.8824
2.9444
3.6389
2.9697
3.0312
3.1143
3.6875
3.0588
3.0857
2.8571
3.0139
2.2222
2.5455
2.9444
3.2941
3.1892
2.4375
2.7571
2.6944
2.8857
1.8286
2.8438
2.9722
3.0857
3.0147
2.8
2.8235
2.8571
2.9167
2.8485
3.2941
2.5833
2.9429
2.6857
2.9429
2.9714
2.7143
2.7647
2.8286
3.0294
3.1515
3.0714
3.0278
3.2941
3.0417
2.0303
3.1765
3.0857
2.8571
3.027
2.6667
2.7714
3.1429
3.7222
3.5714
2.7568
3.5694
2.9394
2.4545
3.125
3.0857
3.3235
2.6486
3.4412
3.2027
3.2424
2.7353
3.2647
3.1061
3.0882
3.1389
3.125
3.3824
3.4444
3.0556
3.0556
2.4444
2.3333
3.0286
2.6286
2.6757
3.3472
2.8889
3.1944
3.2286
3.0143
3.4545
2.8906
3.0909
3.2
3.1944
3.3429
2.5
2.8571
3.0294
3.3235
3.2941
2.7222
2.7778
3.3056
2.6176
2.5714
2.5833
2.5278
2.9429
2.3529
2.7812
3.5143
2.7714
3.2778
3.0571
3.2
2.8286
3.8286
3.1667
3.0857
2.9167
2.9429
2.9706
3.6111
2.7429
2.8333
2.2222
3
2.7143
2.9714
3.3125
2.6667
2.8485
3.6667
2.4444
2.2778
3.0811
2.4857
3.6579
3.1176
2.8485
2.8
2.75
2.8857
3.1765
3.4706
3.0278
3.25
2.9429
2.8333
3.2778
3.3636
2.4375
3.4
3.0735
2.7714
3
2.9091
2.6389
2.4722
3.1471
3.1429
3.3714
3.1892
3.3429
3.5143
2.6061
3.1053
3.3125
2.697
3.4118
2.8286
3.1143
2.3438
2.2059
2.9118
3.1818
2.8
2.8571
3.0286
2.6562
2.8649
3.3676
2.6571
2.9412
2.8182
3.3143
2.8235
2.8088
3.303
2.6571
2.7429
2.9706
2.1389
3.1324
3.1944
3.1765
3.5278
2.8824
2.9706
2.5833
2.8333
3.1176
3.2059
2.4857
3.0303
3.1143
2.5143
3.1143
2.5294
2.5278
2.3919
3.0606
3.1857
2.7273
3.1515
2.7353
2.5294
3.0556
3.2
3.5294
2.8684
3.2414
2.303
3.2571
3.3
3.2857
3
3.2647
3.129
3.0909
3.0312
2.9714
2.9
2.8235
3.3429
3.0571
2.3429
3.0278
3.4722
2.9091
3.3333
3.2571
2.8571
2.7778
2.7714
3.1212
3.2571
3.0882
3.1429
2.9714
3.2
3.0286
3.2286
2.8438
3.1471
2.8125
2.8571
2.9118
2.6571
3.0857
3.2286
3.25
3.1351
3.1935
3.1818
3.0294
2.6111
2.7838
2.6471
2.8824
2.8108
3
3.0938
3.3429
3.1622
2.6562
2.6176
3
2.9714
2.7647
2.8571
2.8571
2.9375
2.5676
3.6143
2.1765
2.8333
2.6667
2.8108
2.8333
2.6944
2.875
2.8056
3.4143
2.6364
3.1714
3.0606
3.3333
2.8611
3.2
3.2973
3.0571
2.6857
3
3.0294
2.7917
2.5294
2.7297
2.7714
2.5429
3.1094
3.4062
3.1429
2.6389
3.1714
2.8571
2.8889
3.0556
2.6351
2.6364
3.4571
3.7838
2.7647
3.2121
3.1111
3.2083
3.5429
3.5714
3.3333
3.0588
2.7222
2.8182
2.8571
3.1714
2.8387
2.8438
2.9324
3.1714
3.0286
2.3714
3.3611
3.0278
3.0303
3.2571
2.7059
2.8529
3.1212
3.1765
2.7941
3
2.9857
3.4412
2.5152
3.1429
3.2571
2.4286
2.9429
2.9459
3.1351
3.0286
2.9706
3.2286
2.8788
3
3.25
3.0588
2.6389
2.9118
3.3636
2.3438
3.2424
2.9
2.8333
2.8
3.2778
3.0286
3.6
2.2571
3.4706
2.5135
3.1143
3.4
2.7714
3.1714
2.8286
3.1714
3.125
2.6389
2.6944
3.1379
2.5429
2.9118
2.7353
2.8889
2.9844
3.2647
3.125
3.0278
3.3235
3.5143
3.0286
3.375
3
2.6875
2.9429
2.8824
3.5294
3.5312
2.3429
1.7812
2.9429
2.7857
3.2647
3.6176
3.4444
2.8919
3.5
2.9714
3.1818
3.1351
2.9583
3.0294
2.8571
3.0833
2.8611
2.9714
2.7297
3.4688
2.9091
3.0735
2.4
3.1176
3
2.9032
2.9459
3.1176
3.3056
2.9722
3.1471
2.7714
2.6324
2.6765
2.7222
3.3939
3.3939
2.9861
2.8286
3.1143
2.6111
2.8824
3.2
3.25
3
3.3333
3.1212
2.9118
2.5714
3.1719
3.0588
2.6571
2.9118
3.6389
3.3429
3.1143
2.7059
2.7778
3.2857
3.1176
2.5143
3.2353
2.8857
2.9697
2.4722
3.1714
3.1818
2.6176
2.8889
2.5556
3.0588
3.0571
3.0286
3.0571
3.1143
2.8056
2.3714
3
3.1714
3.2432
2.875
3.0857
2.8088
3
2.8571
3.4324
2.5833
3.2162
2.8788
2.7222
3
3.4848
3.1212
2.8
3.1471
3.4412
3.375
3.0588
2.9714
3.5161
3.4848
2.5938
3.1471
3.0882
2.9429
3.4857
2.4688
3.4857
2.5714
2.6061
3.0556
1.8378
2.7714
3.1143
2.7222
3.4857
3.1429
3.2069
3.4571
2.8571
2.8529
2.9118
2.7576
3.2703
3.25
2.9375
3
3.3714
2.6667
2.6389
2.9714
2.75
2.4118
3
2.8857
3.2286
3.027
3.5714
2.473
3.3824
3.6875
2.2703
3.0571
2.8529
3.4118
2.7273
3.1471
2.8857
3.1714
2.7429
2.5735
2.75
2.8611
3.5152
3.1471
3.3056
2.9429
2.3889
3.0286
2.9706
3.0606
3
3.1667
3.2857
3.1515
2.7639
2.8857
2.8438
3.0833
2.7
3.6286
3.3714
2.6111
2.5714
3.0811
2.8286
2
2.5455
3.1765
3.1111
2.9412
2.9706
2.8
3.0278
3.6765
2.7879
2.8571
3.2647
3.0441
2.9722
2.8571
3.0909
2.8286
2.8333
3.1562
1.9394
2.3143
2.4595
2.8824
3.1429
2.7941
2.6143
3.2286
2.9143
3.25
2.4118
3.4242
2.8235
3.3529
2.9211
3.0588
3
3.4429
2.8286
2.8889
2.7647
3.0606
3.0286
3.1471
3.2
2.9412
3.2778
3.5294
3.25
3.2727
2.8286
2.0833
2.4545
2.8919
3.1818
3.4286
2.5882
3.0857
3.1714
3.0606
3.1111
2.9688
3.1111
3.125
3.0909
2.7222
2.7568
3.4286
2.9444
2.5143
3.1094
3.0857
2.8714
2.8529
2.973
3.0286
3.1875
3.3939
2.8919
2.8611
2.7429
3.0323
3.2188
3.0758
2.5789
3.3143
2.6286
2.7353
3.1944
3.1429
3.1316
3.2778
2.2917
3.2286
3.0571
3.1429
3.2727
2.7879
2.75
2.6765
3.3611
2.8857
2.8571
2.4189
3.1143
3.2121
3.2647
2.5
2.5429
2.9412
2.6061
2.0938
2.3714
2.3714
3.697
3
3.0139
2.6944
3.2571
3.1912
3.4848
3.0571
2.7778
3.4062
2.6944
2.9714
2.7273
2.8824
2.875
2.8594
3.5
2.8529
3.3056
2.8611
2.9394
2.5429
3.0303
3.0833
2.7778
2.7429
2.25
3.1429
2.6562
2.9143
3.1212
3.5714
2.875
3.2286
2.8788
3.3429
2.8889
3.1429
3.4412
2.5938
2.4571
3.125
2.8919
2.9286
3.1406
2.4848
3.4324
3.2812
3.0294
3.0645
3.0286
3.3429
2.9697
2.8788
2.8286
3.0294
3.2714
3.3824
3.3889
3.0882
2.7714
2.7778
2.9167
3.2059
3
2.6765
2.8286
2.8056
3.2424
3.1212
3.2353
3.1515
3.2857
2.7812
3.1613
3.1471
3.0286
3.1429
2.4265
3.1176
2.9722
2.5676
2.9286
2.6765
2.9167
2.6286
3.5455
2.8485
2.3714
2.8824
2.4545
2.7273
2.7424
3.4412
2.4286
3.2105
2.9714
2.6944
2.8684
3.3056
2.6364
3.0857
2.8529
2.7143
3.4118
2.2571
3.1176
2.7286
3.375
2.9706
3.5
2.7714
2.7778
3.4167
2.6571
2.8571
2.8824
2.9143
3.3143
3.1714
3.3125
3.1714
2.3514
3
3.0286
3.027
2.9143
2.7297
2.5294
2.5
3.0857
2.8
2.9714
2.7941
3.25
2.6765
2.8571
2.8286
2.9394
2.6389
3.1622
3.4
2.9697
3.2
2.9706
2.5882
2.7576
3.1429
2.8286
3.0294
2.8235
3.1818
3.5455
2.6364
2.8
2.9394
2.5541
2.4444
3.3824
3.1351
2.7778
3.4167
2.9722
2.6094
3.3143
2.4722
3.1875
2.8529
3.2432
2.8529
3.4848
2.9394
2.8286
2.6111
2.9189
3.1176
3.0909
2.6571
3
2.8529
3.1714
2.7778
3.0938
2.8182
3.1714
2.6667
2.8611
2.4706
3.0286
3.027
2.0882
3.3714
2.5286
3.4444
2.9714
2.6667
2.3611
3.4857
2.25
3.6857
3.3824
3.1912
1.9167
2.7576
2.6571
2.8429
2.7188
3.2581
3.2121
3.25
2.697
3.3429
3
2.8621
3.0606
3.2857
3.1818
3.1912
2.6857
2.8714
3.1765
3
2.9714
2.9444
3.2857
3
2.9714
2.5312
2.7143
3.6486
3.6111
3.129
2.2857
3.2222
3.1765
3.3611
3.0909
2.6486
2.5294
2.1111
2.9706
3.2571
3.4062
2.9706
3.1429
2.25
3.1667
3
3.6875
2.8182
2.9394
3
2.4706
3.2143
2.8088
3.0556
2.6
2.8286
3.1429
2.6667
2.8571
2.7647
2.8529
1.7714
3.5714
2.6944
2.8286
2.9143
3.1515
2.9143
2.9167
3.2759
2.7568
2.6452
3.0857
3.8485
3.0571
2.3529
3.1818
3.125
3.375
3.0588
3.1515
2.9189
3
3.1212
3.3939
2.8286
2.7571
3.9706
3.3429
3.0571
3.2973
2.9861
2.6944
3.5588
3.4412
2.8611
3.1143
2.5
3.1176
2.9545
2.9412
3.3714
2.5882
3.1765
3.2432
3.125
2.803
2.7647
2.7143
3
2.4857
2.9394
2.6471
3.027
2.4706
2.9394
3.2941
2.8529
2.6143
3.3714
2.7941
2.4706
3.1714
2.9394
3.1857
3.2879
3.4583
2.3889
3.3281
3.0857
2.6562
2.7941
2.7639
3.3529
3.1714
3.4848
3.0857
3.0139
3.0882
2.8125
2.8235
2.5143
2.7714
3.5
2.6
2.9697
2.6286
2.8571
2.6486
3.0571
2.9394
2.8387
2.7429
2.1111
2.7941
2.5676
2.9429
2.8824
2.5455
3.1515
3.1053
3.1944
2.697
2.5294
3.2286
2.9459
3.3125
3.2778
3.0625
3.1667
3.0278
3.2353
2.5278
3.2857
3.0882
3.4167
2.8286
3.1765
2.9118
2.0909
3.3
3.2727
3
3.1944
2.6857
3.5
3
2.7778
3.4242
2.9714
2.4286
2.6806
2.6667
3.1176
2.9714
2.4265
3.0286
3.3611
2.4
2.8788
2.9571
3.1111
2.7969
3.3429
3.1316
3.2121
2.8611
2.9143
2.9444
2.2273
2.8919
2.3714
3.2941
2.9444
2.9306
3.0303
2.1515
2.8194
3.3636
2.7941
2.8571
2.5143
2.8889
2.3571
3.2361
3.1714
3.3333
2.0857
2.9219
3.0882
2.1622
3.2571
3.6857
3.4
3.4722
3.0571
3.1765
2.8889
3.3235
2.6667
2.2727
2.9118
2.5556
3.5714
3.2121
2.5
2.9143
3.0286
2.3939
3.1429
2.8824
3.6061
3.0909
2.75
2.9444
2.8286
2.9412
3.0882
3.0606
2.8235
2.7429
2.9857
2.7917
3.2973
2.6
2.9688
2.9722
3.3429
3.2059
2.4857
2.7647
3.1765
3.2941
2.8333
3.1875
2.7742
2.8966
3.0833
3.2
2.6806
3.2353
3.5429
3.2778
3.5152
2.4865
3
2.7647
3.0303
3.0556
2.75
3.4242
3.4062
3.0588
3.3714
3.2
2.6389
3.0882
2.8676
3.0541
3.0571
3.4375
3.1571
3.0811
3.4054
2.7714
3.4412
2.9722
2.9429
2.9167
2.7576
3.4286
3.1176
2.2121
2.5278
2.8529
2.8286
2.9848
2.8857
3.1471
3.0857
2.4848
3.5143
2.7429
3.1818
3.0571
2.8108
3.1579
3.3243
3.2286
3.1429
2.6364
2.7778
3.5882
3.4
3.3824
3.1711
3.1667
3
3.1143
3.2188
2.7429
3.0909
2.9143
2.2857
2.8
2.6667
2.303
2.5455
3.5
2.6216
2.9143
3.1667
3.2647
2.9722
2.8143
2.8125
3.4286
3.0147
3.5152
3.5714
2.9091
3.4865
2.7879
2.7353
2.9444
2.4571
3.2286
2.5
3.2121
3.1389
2.1714
2.5
2.9032
2.7059
3.1143
3.4444
3.1212
3.1176
3.1471
3.1562
2.6143
2.7297
2.9559
3.1176
2.3333
2.9189
2.7714
2.4118
2.8286
2.3611
2.6765
2.8529
2.6061
2.4375
2.8788
2.8714
2.2222
2.6571
3.2571
3.0625
2.8438
3.3243
3.3226
3.4571
2.9697
3.1714
3.3824
2.7143
2.9722
2.9706
3.1875
2.8529
2.9242
3.0588
2.7353
2.7188
3.0278
3
2.9714
2.8429
3
2.8529
2.5405
3.2571
3.1765
3.3889
2.3143
3.2222
2.5143
3.3429
3.5833
2.8056
2.9853
2.5323
2.4839
3.2162
2.8
2.8919
2.3429
3.1429
2.6765
3.2703
2.9394
2.3971
3.3784
2.6406
3.2714
3.1176
2.8472
2.9167
3.2353
3.2647
2.9722
2.7143
3.2576
3.1212
2.8
2.0303
3.0833
3.0588
2.9714
2.4444
2.9706
3.2222
3.1111
3.0909
2.8889
3.1081
3.6757
3.3143
3.0938
2.9429
3.0571
2.7143
3.0294
3.3056
2.875
2.7273
2.8571
3.4857
3.0833
3.4571
2.9429
2.6
2.4062
3.6176
3.0556
2.8889
2.5588
3.1429
3.1176
3.5
3.0429
3.0312
3.1892
3.0606
2.5278
3.2286
2.697
2.6389
3.0571
2.9143
3.0833
2.3714
2.5
2.8788
3.6857
3.1176
3
3.2647
3.3333
2.2647
3.1944
3.4688
3.0294
2.9091
2.8857
3.0606
2.6389
3.1143
3.5556
2.7647
2.8485
2.9545
2.8286
2.8857
3.4286
3.4167
2.8182
3
2.8571
2.7059
3.5
2.4444
2.8571
2.7429
2.8857
3.0278
3.1212
2.9444
3.0294
2.9545
2.6857
3.1818
3.25
2.6571
2.8529
2.2778
2.5312
2.9189
3.2703
3.6857
2.7941
3.0147
2.6714
2.7714
3
3.2812
2.9394
2.5882
2.9429
3.1212
2.9688
3.1944
3.2778
3.1111
3.1053
2.4722
2.8235
2.8824
2.75
2.8182
2.9429
3
3.1714
3.1094
2.7917
3.2353
2.9143
3.3235
2.9444
2.7083
3.2571
2.8
2.6857
3.1622
3.5429
3.4167
3.4571
2.6571
3.303
2.2778
2.9429
2.9722
2.8636
2.25
3.25
3.2424
2.8235
2.75
2.8387
2.8889
2.9143
3.2
2.75
2.9714
2.5
2.9722
3.2742
3.1714
3.125
2.6944
3.3235
3.2632
3.4324
2.8649
3.5152
3.5294
2.5143
2.5625
3.5156
3.0571
2.6667
2.9118
3.6286
3.0857
3.3235
3.1212
3.3438
2.7576
3.1143
3.5294
3.2703
3.2571
2.8
1.6029
3
2.5588
3.2857
2.7143
3.2031
3.1143
2.7778
3.1081
2.8649
3.9118
2.6857
3
2.7568
3.3438
3.5714
2.9706
3.2941
2.9429
3.3889
2.7143
3.0909
2.7941
3.1143
3
3.0294
2.9143
3
3.0556
2.8529
3.2647
2.6
3.1875
3.1818
3.0588
2.9143
3.0833
3.0312
2.9429
2.8649
2.8824
3.2812
3.1429
2.697
3.125
3.2647
3.0286
2.8611
3.5143
2.7838
2.9394
2.6143
3
2.9714
2.8
3
2.8182
2.6111
2.6364
3.4118
3.1818
2.8857
2.8824
3.2143
2.7188
3
3.8235
3.0833
2.8485
2.6562
3.25
2.5758
3.3429
2.8182
3.2571
2.6857
2.7647
3.5938
3.0571
2.7143
2.6857
3.1176
2.625
2.9714
2.4571
2.7714
2.2429
3.7917
2.8857
2.6
3.5161
2.9143
3.1429
3.4857
2.1667
3.1176
3.3429
2.8056
3.1667
3.3824
2.7647
2.6486
3.3143
2.4444
3.5882
3.2
2.5882
3.9375
2.9143
2.8286
3
3.4545
3.1667
3.4571
2.8485
2.5833
2.7778
2.8824
3.2121
2.7143
2.6176
3.1176
3.1176
3.3514
3.2778
2.2
2.6061
2.8788
2.8857
3.0833
3.4062
2.8108
2.7059
2.5286
3.6806
3.0588
3.1029
3.0882
2.9143
3.2143
2.6111
2.9722
2.9189
2.9375
2.2286
2.6857
3.4444
3.1143
2.2941
2.8857
3.0625
3.0294
2.1471
2.7568
3.1765
3.4828
2.5
2.8857
3.4242
2.8857
2.7059
2.8571
3.5
2.5833
3.0625
3.0541
3.1765
3.0571
2.9167
2.9844
2.8056
3.1143
3
3.1212
2.6471
3.1719
3.25
3.2778
2.9028
2.7714
2.6176
3.0303
3.0571
3.3333
3
2.9394
3.3429
2.875
2.5882
2.8571
3.1714
3.4062
2.4286
2.8056
3.2222
2.9655
3.0909
2.9286
2.5882
2.2941
2.6667
3.0857
2.2647
2.9697
2.3514
2.6176
3.3333
3.0811
3.3143
3
2.6765
3.0758
3.2647
2.9444
3.0857
2.7429
3.2286
2.4857
2.5
2.9444
2.6765
2.6
3.5278
2.8333
2.7879
3.2059
2.8333
2.9706
2.6857
3.2
3.5429
2.2286
3.0972
2.7188
3.1389
3.1471
3.0606
2.8611
3.2286
2.7188
3.0571
3.125
2.2571
2.4286
3.1143
3.5278
2.3529
3.2162
3.1176
3.2941
2.5
2.1842
2.9459
2.8286
2.9677
3.0556
2.9722
2.6316
3.6765
2.9697
3.3529
3.0811
2.8235
2.6857
3.2895
3.2222
2.7838
3.1515
3.375
3.0278
3.6
3.1875
2.697
3.3235
3.0441
2.875
2.9143
3.2059
3.1212
3.1176
3.3143
2.6571
2.6912
2.8286
3.3088
2.8857
3.0588
2.9444
3
2.4412
2.6857
2.4571
2.6765
3.1857
2.8857
3.2121
2.8286
2.9444
2.7763
3.5
2.8857
3.3143
2.6389
2.625
3.2162
3.3235
3.1944
2.7429
2.5676
3.0429
3
3.0286
2.7143
3.1892
2.6364
3.0857
3.697
2.9412
2.3824
2.5882
3.8611
2.7838
3.1714
3.3529
3.5758
3.3143
2.9714
2.9062
2.8971
3.0588
2.8611
3.4722
3.0312
3.1143
3.4167
3.3611
3.2
3.2143
2.8824
3.1471
2.1912
2.5429
2.7429
3.0571
3.0833
2.8857
2.7143
3.0286
3.1515
2.7143
3.0833
3.4
2.7778
3.3714
2.2778
2.9091
3.4
3.1429
2.8611
2.9394
2.9143
3.1714
3.0588
3
2.7812
3.2059
3.3529
3.3438
3.5556
2.7222
3.1613
2.8235
3.0909
2.6571
2.8125
2.8
3.4412
2.8611
2.7714
3.2286
3.0588
3.5946
2.6111
2.8571
3.2162
3.0286
2.9429
3.1714
2.6176
2.7576
2.6562
2.5714
3.0571
2.6765
3.2059
3.5882
3
3.25
2.1622
2.9167
2.75
3.3611
2.2286
2.7917
2.7429
2.3714
3.2879
2.8889
2.9706
3.4571
3.2143
3.1765
3.0571
2.9118
2.4857
3.1176
3.0303
2.7222
3.3429
3.2647
3.5857
3.3143
3.0303
3.4429
3.6286
3.1111
3.0811
3.3611
2.7941
2.7879
3.0833
2.303
3.5312
2.6471
2.9429
3
2.5455
2.5714
2.7714
3.1143
3.1667
2.8889
2.9444
2.6176
3.0625
2.7143
3.0429
3
2.973
3
2.5676
2.931
3.0571
2.8333
3.2812
2.8824
2.5556
2.5946
3.1212
3.3333
3.3333
3.6
3
2.8824
3.2
3.1944
3.0833
2.8485
2.7576
3.4
3.3333
2.4857
3.0882
3.5946
2.0588
2.7714
3.1714
2.8235
3.0588
2.9688
3.2857
2.8
2.4444
2.4412
2.5
2.6515
3.1471
2.8182
2.8857
3.0294
3.5714
2.6286
2.9706
2.1944
3.2059
3.0588
2.4
2.6714
3.4857
3.2703
3.4054
3.3333
2.3939
2.6765
2.8125
3.2
2.7778
2.8947
2.6944
2.7794
3.3429
2.697
2.6667
3.0606
2.5588
2.7059
2.9412
3.1351
2.7576
2.7714
3.2361
3.0909
3.7576
3.0588
3.0286
3.1892
3.4688
2.9571
3.2206
3.2424
2.6111
2.9429
2.8182
2.9355
3.0857
2.5429
2.9714
3.3824
2.7353
3
2.9143
3.2568
3.0857
2.9062
2.6944
2.8378
3.4545
3.3611
2.1806
3.0152
3.4706
3.1389
3.3889
2.8485
3.0833
3.5143
2.1765
2.7143
2.7429
3.375
3.3529
3.0857
3.2286
2.625
3.4054
3.6944
3.1143
2.9167
2.375
2.7941
3.0556
3.3824
2.8235
3.3143
3.1429
3.2353
3.25
2.4412
3.0857
2.7714
2.7647
2.2222
2.8889
3
2.5833
2.7059
2.9394
3.0556
2.3889
3.0938
3.3333
2.3611
2.0758
3.1212
3.4286
2.9394
2.5833
3.2941
2.8333
2.9706
3.4286
3.4118
3.4429
3.1176
3.0517
3.4
3.0857
3.0571
3.1212
3.2432
3.0286
2.6176
2.8378
3.0541
2.7105
2.7273
3.2424
2.7353
2.4865
3.2941
2.7576
2.973
2.7143
2.5938
2.8
2.8286
2.8485
3.3143
3.1316
2.9429
2.3429
3.4583
3.0857
2.8286
2.9706
2.8108
2.8125
3.2286
3.5286
2.6486
2.5833
3.1143
3.2162
3.1081
3.4
2.8333
3.375
2.7647
2.7812
2.8571
2.6765
2.9697
3.0286
2.625
1.9706
3.5161
3.0833
2.5429
2.9143
2.9697
3.2857
2.7353
2.6
2.8906
2.9412
3.4444
3.2857
3.2143
2.9412
2.4722
3.2353
3.2286
3.2778
2.9118
2.7059
2.8824
3.3529
2.8857
2.9706
3.2857
2.8611
2.9706
3.2647
2.7879
3.1143
2.8571
2.9474
2.5
3.6471
2.7778
3.4118
2.8485
3.1176
2.9706
2.7429
3.4118
3.1111
2.9853
3.2286
3.1714
3.0882
2.7143
2.9706
3.0606
2.1714
2.8919
2.4
2.6765
2.5714
2.75
3.3714
2.3243
2.6
2.4722
2.6857
3.7143
3.4706
3.2059
2.9265
2.4118
3.2
2.8611
2.6471
3.3611
3.0625
2.6364
3.2941
3.4857
3
3.2059
2.9722
2.4857
3.1143
2.6857
3.0294
3.2353
2.9706
3.0286
3.0312
3
3.125
2.6111
3.5714
3.1515
3
2.9091
3.0571
2.5294
2.8438
3
3.2857
3.2162
3.0278
2.9429
2.8182
2.9429
2.6364
2.6364
3.2857
2.8088
2.9706
2.6029
3
3.3636
2.8571
2.9286
2.1562
3.25
2.6757
3.4286
2.6486
2.9429
2.8939
2.7632
2.875
3.25
2.5857
2.4242
2.4545
2.7794
2.9143
3.0278
3.4
2.8824
3.303
3.2286
3.2
3.0571
3.3889
2.8824
2.8857
3.0571
2.3429
2.5714
3.303
2.7297
3.2
2.6571
3.1351
3.0294
2.8571
3
3.3143
3.4444
3.2424
2.7576
2.5294
2.9706
3.25
3
2.4706
2.9062
3.3056
2.2857
3.6571
2.7838
3.1618
3.1622
2.7778
3.0571
3.4531
3.1935
3.2222
2.6667
2.6944
2.7941
2.5294
2.6857
2
3.2647
3.303
3.2424
2.5556
2.6571
2.8
2.6176
3.1944
3.25
3.0571
3.4857
3.2286
2.9722
2.4857
3.625
2.6875
2.9412
2.303
2.5143
3.1429
3.2424
2.8571
3.2941
2.6571
3.1429
3.0556
3.0286
3.3235
3.0857
1.8
2.6389
3.2
3.3143
3.0833
3.1765
3.4706
3.4375
3.0833
3.0286
2.6364
3.7297
2.8333
3.1143
2.8485
3.1429
3.3472
3.1714
2.7429
3.1389
3.0625
2.4848
3.2059
3.4412
3.4857
3.4286
3.2353
2.8485
2.9189
3.4857
2.8857
2.9167
3.0286
3
3.0312
3.1892
3.1667
3.3143
3.0833
2.8286
2.7714
3.1212
3.3143
3.1562
3.2
1.7838
2.9688
2.8235
2.3714
2.7419
2.8889
2.7059
2.8333
3.2
2.6429
3.3714
2.1471
3.3333
2.8824
3.5152
2.8065
3.2778
2.9412
2.6842
3.0417
2.9167
2.8
3.303
2.4848
3.1081
2.4861
3.0303
3.2286
3.1143
2.2727
3.6286
2.9706
2.9394
2.1389
2.9848
3
2.7059
2.5429
2.6806
2.8286
3.1471
3.2647
2.8611
2.1667
2.8056
3.1176
2.9429
2.4286
2.8889
3.1379
3.0278
2.4706
2.4545
3.1944
2.5938
2.7297
3.1818
3.5
3.0303
3.3429
2.9189
3.2857
3.0857
2.7059
3.0588
2.8529
2.9412
2.973
3.2
3.0303
2.9853
3.2059
3.4167
3.6286
3.1515
3.5152
3.2059
3.9091
3.2838
2.7429
2.9429
2.6176
2.6562
3.3611
2.9459
2.6515
2.8286
3.1818
3.4062
2.0278
3.1515
3.4286
3.2121
2.4857
3.0571
2.8056
2.7429
2.7353
2.9286
3.25
2.8889
3.0909
3.5455
2.8571
2.8056
2.7568
3.1667
3.3889
2.8056
3.1892
2.1714
2.8
3.2727
3.0278
3.1818
2.8485
2.6857
3.1429
2.8889
3.1176
3.1429
2.8485
3.0286
2.5676
3.25
3.1143
3.1429
3.1389
2.4688
3
3.1429
2.8056
2.75
3.2432
3.1515
2.5556
3.2
3.0588
3.2639
2.8333
2.5263
2.7941
2.6176
3.0323
2.9714
3.0278
3
2.875
2.8649
3.1176
2.5882
3.2206
2.6176
3.4
2.5714
3.0286
3.2121
3.2
3.4054
2.8649
2.4571
2.9714
2.8
3.2
3.0758
3.3714
3.0286
3.1892
2.4
3
2.6944
2.9189
2.3429
2.8571
3.0909
3.2941
3.1324
2.8889
2.9444
3.0833
2.3429
3.2273
2.9429
2.8788
3.1111
3.2059
3.2429
2.9714
3.0968
2.9118
2.6757
3.5294
3
2.8529
2.75
3.4062
2.8571
3.0303
3.0909
2.3824
3.4857
3.2973
2.9688
3.0286
2.8571
3.2857
2.9429
3.1389
2.9722
2.8125
2.7714
2.9429
2.6111
3.1912
3.0278
3.1515
3.2121
2.8056
2.8235
2.7812
3.3611
3.4167
3.5556
3.371
2.9091
2.7714
2.7647
3.5455
3.3889
3.3333
3.2647
2.5833
2.8571
2.1667
3.2222
3.0286
2.75
2.5143
3.0455
2.8857
2.3971
2.7353
3.3235
3.0606
2.625
3.3548
2.9429
3.8158
3.0405
2.5946
3.2973
3.1406
3.0857
3.3125
2.0286
2.8529
2.5405
3.0278
3.1
3
3.25
2.9143
3.1111
3.0286
2.7429
2.6667
2.5312
3.1111
2.8182
3.1714
3.2571
2.7812
2.8571
2.9143
3.2703
2.9412
3.1892
2.6176
2.9118
3.1667
2.5735
3.2647
2.8286
3.3382
2.9714
2.7576
3.1765
3.0278
3.2059
2.5455
2.6857
1.9118
2.6471
2.8387
3.4412
2.4412
3.0938
3.2857
2.9412
3.4375
3.1714
2.9706
3.0556
3.2121
2.8571
3.0909
2.9118
2.6364
3.4286
3.1286
3.0857
3.1212
3.5758
3.0571
2.5758
2.8824
2.4054
3.2424
2.9714
2.7353
2.8286
2.1765
2.7714
2.7273
3.2424
2.6571
3.0857
2.2857
2
3.0541
3.0882
3.5833
2.9306
2.9714
3.0857
2.8788
2.8889
3.1714
3.0857
2.6286
2.5946
2.6857
3.2
3
3.2286
3.1714
3.1528
3.2941
2.6667
3.0625
2.9706
3.1143
3.0571
2.8889
2.7857
2.9167
3.2143
3.0857
3.0541
3.2121
2.7429
3.3611
2.6667
3.2647
3.2
3
2.8571
2.75
2.5556
3.1471
2.3889
3
2.1471
2.5556
3.1714
3.5
3.1714
3.1714
2.5714
3.0972
2.7059
3.0571
2.6389
2.9189
2.6857
3.2286
3.6562
2.7941
2.6286
3.1212
3.0278
3.5
3.0882
3.3333
3.1143
3
3.1667
3.1351
3.3611
3.1143
2.5676
3.5152
3.4062
3.1471
3.0541
2.697
3.2
3.0286
3.3143
2.7879
3.0571
2.4857
2.6111
2.7879
2.8611
2.8088
3.2857
2.7059
3.3235
2.5
2.9143
3.0571
3.1818
2.8571
3.1429
3.3143
3.4722
2.6
2.8788
2.8333
2.8235
3.2639
2.5455
3.4444
3.2941
2.8788
3.2581
3.0323
2.9394
3.2059
2.8571
2.9559
3.303
3.1714
2.9118
2.9571
3.1143
2.75
3.1351
3.0571
3.5714
3.1515
2.8485
3.0286
3
2.5882
3.3824
2.0758
2.4571
3.0909
2.6389
3.4242
3.4286
2.625
1.8
2.7222
2.2941
3.4706
2.8
2.697
2.8889
2.4286
2.4839
2.8857
2.7286
2.9697
3.129
3.4242
3.2059
3.2639
3.0278
3.3529
2.7273
2.9375
3.4062
2.5676
2.8286
2.5938
3.0541
3.0833
2.973
3.1714
3.5
2.6944
3.0625
2.8387
3.3243
2.9444
2.125
3.1212
2.8611
3.3529
3.4857
3.3281
2.8235
2.75
2.1176
3.2571
3.0938
2.75
3.25
2.7143
2.7656
3.3824
3.027
3
3.0286
3.1143
2.5833
3.1714
3
2.6061
3.1622
2.6111
3.4412
3
3.2632
3
3.4167
3.0541
3.1714
3.1818
3.3438
3.4595
2.7059
3.2121
3
2.4167
3.0833
2.8378
2.5714
2.9394
1.8824
2.7941
3.2571
3.2647
3.2
3.5135
3.3125
3.0469
3.25
2.6944
3.0909
3.2647
3.2
3.3824
2.4722
3.1111
2.9571
2.9118
3.2778
2.9595
2.25
2.7059
2.4062
2.9861
3.4
3.0278
2.6286
2.6143
2.9091
3.0714
2.2286
2.973
2.4697
3.0606
2.7143
3.3143
3.303
3.1622
2.8125
3.4857
2.5588
3.0556
2.9722
2.8182
3.6875
2.6111
2.4375
2.8438
2.6176
3.3714
3.6207
3.8824
2.9714
3.2206
2.6364
2.5714
3.0286
3.1765
3.1471
3.2188
3.1562
2.7778
2.8857
3.1622
2.7647
2.9706
2.7059
2.8
2.8611
2.8235
3.0556
3.3939
3.0571
3.1515
2.8485
3.0541
3
3.3529
2.9118
3.2647
2.7429
3.4242
2.9697
2.7143
2.6286
2.8333
2.75
2.5735
3.25
2.7429
2.8485
2.7778
2.4571
3.4394
2.9714
2.9583
3.3529
2.7273
3.1389
2.4444
3.0556
2.7647
2.8611
2.0811
3.0286
2.8108
2.8485
2.8286
2.6364
2.8889
3.0286
2.9412
2.7429
2.4571
2.9583
3.1429
2.9375
2.6286
2.4595
3.3824
3.0833
3.1471
2.8857
3
3.4324
2.7794
2.6571
3.125
3.2857
2.6471
3.1029
2.6207
2.8
3.2727
3.2639
2.1389
3.0857
2.9143
2.8857
2.6429
3.4265
3.1389
2.9714
3.1765
2.9429
2.7059
3.4706
3.3571
2.5143
2.9706
1.7273
3.2571
3.2286
3.0303
2.5152
3.3824
2.9444
2.9459
3.1094
3.3333
2.4
2.9242
2.8485
2.75
2.4571
3.25
2.6667
2.7941
3.2353
2.3919
3.0278
2.9375
3.0541
3.2059
3.4194
2.5833
3.0571
2.9143
3
3
2.7353
3.5625
2.8611
2.7812
3.0286
2.8333
3.2286
2.9722
2.9722
2.8438
3.2
3.1176
2.7059
2.8529
2.6857
3.0909
2.6061
3.0625
3.0556
2.8824
2.6857
2.7059
3.0286
3.1818
2.4706
3.0857
2.7778
2.9688
3.5405
3.4242
3.0938
2.8
3.1429
3.1944
2.9714
2.7647
2.9714
2.9697
3.3824
3.1111
2.7059
3.0606
2.4286
2.8
2.3939
3
2.7895
2.8235
2.6286
2.7568
2.9189
2.8529
3.2429
3.25
3.2273
3.0294
3.1765
3
2.5882
3.3056
2.5161
3.3333
2.6286
3.2188
2.7778
3.0588
3.2973
3.0857
2.8611
3.2857
3.4242
2.8485
2.9143
3.1379
2.8857
2.8919
3
2.7143
2.9444
3.25
2.0588
2.9394
2.8824
2.6667
2.7778
2.7143
2.7286
2.7059
3.0938
3.1429
3.1714
3.2727
2.9459
3.3636
2.3429
1.8382
3.0294
3.25
3.25
3.5588
3.5278
3.2162
3
3.0758
3.2941
2.6571
3.4
2.4
3.0588
2.6471
2.5
2.7273
2.8333
3.2059
3.4
2.5
3.2353
2.8857
2.9706
3.3824
3.0303
3
2.8
2.6389
3.0588
3.0294
2.7576
2.8676
2.5758
3.2571
2.8857
2.9429
3.3143
3.2581
2.7586
2.5556
3.0857
3.6111
3.0278
2.9062
2.9429
2.7879
2.7143
3.5278
2.7857
2.3235
2.7059
2.9118
3.5
3.4118
3.4286
3.2647
2.4
3.2647
3
2.5429
3.5556
3.1944
2.5714
3.0286
3.3333
2.9714
3.0758
3.2571
2.7714
2.5143
2.6571
3.1714
3.2286
3.0286
3.1765
2.9118
3.3611
2.4571
2.9714
2.7647
3.5135
3.0606
3.1176
2.2647
2.7059
3.2286
2.8788
3.2286
3.027
2.6944
2.8333
2.8235
3
3.1176
3.1143
2.8611
2.8857
2.6757
2.9394
2.6719
2.6857
3.0286
2.6571
3.4286
3.0833
2.8529
2.9412
3.2273
2.9714
3.1143
3.1515
3.1429
2.6471
2.8611
2.4118
2.6111
3.2222
3.4444
3.4444
2.9394
3.2
3.1429
3
3
3.4
2.8889
3.1471
3.3194
2.8611
3.2258
2.8286
3
3.1622
3.4571
3.3514
3.0312
3.4118
3.4375
2.8857
3.3235
2.1429
3.0882
3.6111
3.4118
3.0286
2
3.1515
2.9444
3.2857
3.2973
3.5484
3.0312
2.4167
2.9706
2.4
3.0909
2.6944
2.4
2.4444
2.7143
2.5588
2.8649
2.9394
2.8529
2.7742
2.7778
3.2571
3.2083
3.3429
2.6667
2.6765
3.1176
3.3636
3.5143
3.1143
2.7059
2.697
2.7059
3.1571
2.9
2.9697
3.2424
3.0909
3.3333
3.2059
2.7188
3.6
3.2353
3
2.8143
3
2.4118
3.1286
3.2857
3.2121
3.25
3.2812
3.2222
2.5135
3.1176
2.9091
2.7429
2.7742
3.1765
2.8714
3.0294
2.6471
3.3636
2.8788
2.8529
3.3611
2.6667
2.8571
2.6061
3.2581
2.7273
2.7083
2.625
3.1176
2.8125
3.1622
3.2857
2.8571
2.5263
2.75
3.1143
3.7059
3.2206
2.3529
2.1562
2.6061
2.4
3.1429
2.8056
3.2429
2.8857
3.027
3.1471
3.2059
3.0278
2.3056
3.0286
3.2571
3.2973
2.9429
2.6857
2.8235
2.3971
3.2647
3.3889
3.1667
2.8571
2.8529
3.2571
3.0938
2.7143
3.5278
3.3125
2.3125
2.8571
3.3784
2.8889
3.5517
2.7222
2.75
2.9167
3.4848
2.7143
3
3.0571
3.3429
3.1389
2.4054
3
2.4857
2.5143
2.9118
3.3143
2.8611
3.1429
2.8571
3.1143
2.8919
2.7059
2.7083
2.6324
2.5455
2.7879
3.8333
3.1765
3.6757
3.0811
3.1286
2.7143
2.6286
3.1515
3.5294
2.6944
3.0625
3.3421
3.0857
2.5882
2.9
3.0588
3.4
2.9028
2.6857
2.9118
2.8108
2.8611
3.6053
2.8857
3.2121
3.5441
3.2424
3.1212
3.1714
3.25
3.1176
3.2143
2.6364
2.6061
2.8571
2.7778
3.2727
3.2121
2.9697
2.6471
2.0571
3.3333
3.1081
3.0857
3.4706
2.3636
2.9714
3
3.7838
3.2571
3.0882
2.75
3.2778
3.5625
3.027
2.6286
3.1622
2.6857
2.2432
3.1471
3.1429
3.0676
3.1176
3.4242
3.0286
3.0286
2.7222
2.6571
2.8571
3.2429
2.4722
3.0571
3.0294
3.0139
2.6857
2.8125
3.2222
2.9118
3.6667
2.4394
3.4722
3.0286
2.8611
2.9714
3.4054
3.1081
3.1143
2.8571
3.5714
2.3143
2.7941
3.2121
2.4412
2.9306
2.5714
2.4545
3
3.2857
2.8857
2.6944
2.9118
